1718300312.222338, 46.31063938140869
1718300312.2256267, 45.78317403793335
1718300312.228921, 45.24344205856323
1718300312.232254, 45.590996742248535
1718300312.2355554, 45.52966356277466
1718300312.2388558, 45.53784132003784
1718300312.2421448, 45.362019538879395
1718300312.2457464, 45.34975290298462
1718300312.249159, 45.7095742225647
1718300312.2525225, 44.8100209236145
1718300312.2558901, 45.0594425201416
1718300312.259281, 45.46833038330078
1718300312.2626388, 44.96948719024658
1718300312.2660148, 45.32521963119507
1718300312.2693632, 44.83046531677246
1718300312.2727332, 45.227086544036865
1718300312.276072, 44.654643535614014
1718300312.2794073, 44.64646577835083
1718300312.2827375, 44.519710540771484
1718300312.286082, 44.44202184677124
1718300312.2894437, 44.842731952667236
1718300312.2927358, 43.906378746032715
1718300312.2960722, 44.69553232192993
1718300312.299382, 44.15171146392822
1718300312.3027093, 44.53606605529785
1718300312.3060083, 44.00451183319092
1718300312.3093023, 43.930912017822266
1718300312.3125937, 43.80824565887451
1718300312.3158839, 43.77962350845337
1718300312.319173, 43.74282360076904
1718300312.3224518, 43.656957149505615
1718300312.325748, 43.57109069824219
1718300312.3290057, 43.10495853424072
1718300312.3322718, 43.4157133102417
1718300312.3355355, 43.29713582992554
1718300312.3387988, 43.338024616241455
1718300312.3420467, 43.158113956451416
1718300312.3452692, 42.76149272918701
1718300312.3485672, 43.5138463973999
1718300312.3517826, 42.57340431213379
1718300312.355013, 42.86371469497681
1718300312.3582444, 42.83100366592407
1718300312.3614922, 43.199002742767334
1718300312.3647132, 42.630648612976074
1718300312.3679545, 43.08042526245117
1718300312.3711672, 42.53251552581787
1718300312.3744009, 42.884159088134766
1718300312.3776052, 42.360782623291016
1718300312.3808277, 42.73287057876587
1718300312.3840473, 42.20540523529053
1718300312.3872638, 42.58158206939697
1718300312.3904502, 42.070472240448
1718300312.393637, 42.037761211395264
1718300312.396815, 41.951894760131836
1718300312.3999817, 41.788339614868164
1718300312.4031491, 41.78016185760498
1718300312.4063125, 41.64113998413086
1718300312.4094694, 41.62478446960449
1718300312.412618, 41.473495960235596
1718300312.4157662, 41.43669605255127
1718300312.4189115, 41.334474086761475
1718300312.4220495, 41.30176305770874
1718300312.4251828, 41.219985485076904
1718300312.428285, 40.696609020233154
1718300312.4314127, 41.06869697570801
1718300312.4345465, 40.925586223602295
1718300312.4376912, 41.33038520812988
1718300312.4408236, 41.18318557739258
1718300312.4439335, 40.74976444244385
1718300312.4470358, 40.6720757484436
1718300312.450134, 40.55349826812744
1718300312.4532256, 40.467631816864014
1718300312.4563146, 40.422654151916504
1718300312.4594064, 40.23456573486328
1718300312.4624856, 40.21003246307373
1718300312.4655573, 40.128254890441895
1718300312.4686253, 40.07101058959961
1718300312.4716892, 39.993321895599365
1718300312.4747493, 39.88292217254639
1718300312.477822, 39.77252244949341
1718300312.4808748, 39.788877964019775
1718300312.4839172, 39.63758945465088
1718300312.4869816, 39.653944969177246
1718300312.4899943, 39.11830186843872
1718300312.493043, 39.47403430938721
1718300312.4960697, 39.37181234359741
1718300312.4990954, 39.35136795043945
1718300312.5021393, 39.56807851791382
1718300312.5051563, 39.15919065475464
1718300312.5081613, 39.04061317443848
1718300312.511164, 38.98336887359619
1718300312.5141923, 39.35954570770264
1718300312.517191, 38.84025812149048
1718300312.5201826, 38.79936933517456
1718300312.5231948, 39.16736841201782
1718300312.5261805, 38.63581418991089
1718300312.5291638, 38.59492540359497
1718300312.5321398, 38.47225904464722
1718300312.5351124, 38.43954801559448
1718300312.538102, 38.77483606338501
1718300312.5409734, 38.263726234436035
1718300312.5437925, 38.24737071990967
1718300312.5465999, 38.124704360961914
1718300312.5494018, 38.07154893875122
1718300312.552199, 38.04701566696167
1718300312.5549893, 37.98568248748779
1718300312.5578039, 38.37003707885742
1718300312.5605853, 37.809860706329346
1718300312.5633657, 37.72808313369751
1718300312.5661428, 37.67901659011841
1718300312.5689526, 38.07563781738281
1718300312.5717173, 37.52772808074951
1718300312.5744817, 37.52772808074951
1718300312.5772638, 37.830305099487305
1718300312.5800173, 37.34781742095947
1718300312.5827687, 37.29057312011719
1718300312.5855188, 37.25786209106445
1718300312.588264, 37.1842622756958
1718300312.591031, 37.535905838012695
1718300312.5937686, 37.02888488769531
1718300312.596503, 37.01661825180054
1718300312.599235, 36.9348406791687
1718300312.6019902, 37.31101751327515
1718300312.6047418, 37.25377321243286
1718300312.6074603, 36.74266338348389
1718300312.6101794, 36.70995235443115
1718300312.6129143, 37.06568479537964
1718300312.615659, 36.967551708221436
1718300312.6183617, 36.47688627243042
1718300312.6210687, 36.444175243377686
1718300312.6237893, 36.828529834747314
1718300312.6264799, 36.260175704956055
1718300312.62917, 36.21110916137695
1718300312.6318567, 36.17430925369263
1718300312.634564, 36.52595281600952
1718300312.6372428, 36.04346513748169
1718300312.6399143, 35.95759868621826
1718300312.6425817, 35.916709899902344
1718300312.6452467, 35.77359914779663
1718300312.6479044, 35.72044372558594
1718300312.6505606, 35.67955493927002
1718300312.6532176, 35.667288303375244
1718300312.6558945, 35.986220836639404
1718300312.6585407, 35.51599979400635
1718300312.6611848, 35.47919988632202
1718300312.6638372, 35.36471128463745
1718300312.666498, 35.70817708969116
1718300312.6691284, 35.22977828979492
1718300312.6717572, 35.20115613937378
1718300312.6743865, 35.17253398895264
1718300312.6770322, 35.48328876495361
1718300312.6796508, 35.01306772232056
1718300312.6822639, 34.92720127105713
1718300312.6848712, 34.87813472747803
1718300312.6875021, 35.27066707611084
1718300312.6901047, 34.74729061126709
1718300312.6927032, 34.69822406768799
1718300312.695299, 34.63280200958252
1718300312.697918, 35.008978843688965
1718300312.700502, 34.45289134979248
1718300312.7030878, 34.40791368484497
1718300312.7056706, 34.36293601989746
1718300312.7082493, 34.326136112213135
1718300312.7108483, 34.67369079589844
1718300312.7134154, 34.191203117370605
1718300312.7159808, 34.10942554473877
1718300312.7185671, 34.510135650634766
1718300312.7211528, 34.44880247116089
1718300312.723704, 33.88862609863281
1718300312.726256, 33.90907049179077
1718300312.728801, 33.778226375579834
1718300312.731347, 33.802759647369385
1718300312.7339118, 34.13804769515991
1718300312.7364495, 33.65147113800049
1718300312.7390087, 33.99902582168579
1718300312.7415385, 33.52062702178955
1718300312.7440896, 33.88044834136963
1718300312.7466338, 33.76187086105347
1718300312.7491777, 33.737337589263916
1718300312.7516937, 33.25076103210449
1718300312.754208, 33.18533897399902
1718300312.7567406, 33.577871322631836
1718300312.7592707, 33.504271507263184
1718300312.7617743, 33.03813934326172
1718300312.7642937, 33.33662748336792
1718300312.7668092, 33.27120542526245
1718300312.7693014, 32.825517654418945
1718300312.7718103, 33.189427852630615
1718300312.7742908, 32.69467353820801
1718300312.7767947, 33.050405979156494
1718300312.7792685, 32.576096057891846
1718300312.781742, 32.506585121154785
1718300312.7842352, 32.93182849884033
1718300312.7867284, 32.87867307662964
1718300312.7891893, 32.367563247680664
1718300312.7916725, 32.6987624168396
1718300312.794154, 32.68240690231323
1718300312.7966065, 32.20400810241699
1718300312.799085, 32.67831802368164
1718300312.8015385, 32.15494155883789
1718300312.803992, 32.163119316101074
1718300312.8064485, 32.15494155883789
1718300312.8088982, 32.17129707336426
1718300312.8113039, 32.17129707336426
1718300312.8137581, 32.20400810241699
1718300312.8162112, 32.20400810241699
1718300312.8186924, 32.6987624168396
1718300312.8211517, 32.30623006820679
1718300312.8236227, 32.24080801010132
1718300312.826111, 32.70285129547119
1718300312.828574, 32.33485221862793
1718300312.8310347, 32.326674461364746
1718300312.8335257, 32.82142877578735
1718300312.836012, 32.75191783905029
1718300312.838498, 32.780539989471436
1718300312.8409853, 32.776451110839844
1718300312.843648, 32.82142877578735
1718300312.8461077, 32.29396343231201
1718300312.8485737, 32.38391876220703
1718300312.8510354, 32.326674461364746
1718300312.8534958, 32.31849670410156
1718300312.8559804, 32.73965120315552
1718300312.8584385, 32.232630252838135
1718300312.8608952, 32.26125240325928
1718300312.863376, 32.690584659576416
1718300312.8658307, 32.212185859680176
1718300312.8682845, 32.2489857673645
1718300312.870766, 32.63334035873413
1718300312.873243, 32.641518115997314
1718300312.8757222, 32.66196250915527
1718300312.8782022, 32.666051387786865
1718300312.8806813, 32.62516260147095
1718300312.8831344, 32.22036361694336
1718300312.8856168, 32.645606994628906
1718300312.888095, 32.62516260147095
1718300312.890581, 32.69467353820801
1718300312.8930655, 32.71511793136597
1718300312.8955255, 32.26125240325928
1718300312.897983, 32.26534128189087
1718300312.9004402, 32.28578567504883
1718300312.9028995, 32.281696796417236
1718300312.9053886, 32.776451110839844
1718300312.907873, 32.7478289604187
1718300312.9103334, 32.367563247680664
1718300312.912796, 32.326674461364746
1718300312.915259, 32.35529661178589
1718300312.9177227, 32.34302997589111
1718300312.9202158, 32.75191783905029
1718300312.9226787, 32.33076333999634
1718300312.925141, 32.302141189575195
1718300312.9276092, 32.31849670410156
1718300312.9300687, 32.31031894683838
1718300312.9325516, 32.33485221862793
1718300312.935012, 32.322585582733154
1718300312.9374747, 32.347118854522705
1718300312.9399364, 32.2980523109436
1718300312.9424243, 32.776451110839844
1718300312.9448867, 32.34302997589111
1718300312.9473498, 32.322585582733154
1718300312.9498158, 32.36347436904907
1718300312.9522798, 32.36347436904907
1718300312.9547443, 32.37574100494385
1718300312.9572349, 32.850050926208496
1718300312.9597259, 32.83778429031372
1718300312.9621902, 32.4002742767334
1718300312.964657, 32.437074184417725
1718300312.9671218, 32.437074184417725
1718300312.9696145, 32.86640644073486
1718300312.9721105, 32.90320634841919
1718300312.9745767, 32.4002742767334
1718300312.9770463, 32.47387409210205
1718300312.9795141, 32.47387409210205
1718300312.9819841, 32.49022960662842
1718300312.9844522, 32.46978521347046
1718300312.9869215, 32.49431848526001
1718300312.9894154, 32.850050926208496
1718300312.9918835, 32.51885175704956
1718300312.9943833, 32.94409513473511
1718300312.9968786, 32.91138410568237
1718300312.9993494, 32.52294063568115
1718300313.0018232, 32.53520727157593
1718300313.0042973, 32.53520727157593
1718300313.0067928, 32.92365074157715
1718300313.009265, 32.55565166473389
1718300313.0117369, 32.506585121154785
1718300313.014209, 32.531118392944336
1718300313.016709, 33.00133943557739
1718300313.0191848, 32.572007179260254
1718300313.0216868, 32.984983921051025
1718300313.0241868, 32.96862840652466
1718300313.0266836, 32.980895042419434
1718300313.0291848, 33.009517192840576
1718300313.0316825, 32.9972505569458
1718300313.0341818, 32.9481840133667
1718300313.0366797, 32.964539527893066
1718300313.039177, 32.984983921051025
1718300313.0416791, 33.0463171005249
1718300313.0441806, 33.029961585998535
1718300313.0466826, 33.050405979156494
1718300313.0491605, 32.641518115997314
1718300313.0516374, 32.63334035873413
1718300313.0541172, 32.66196250915527
1718300313.0565968, 32.61289596557617
1718300313.0591002, 33.03405046463013
1718300313.0615773, 32.6006293296814
1718300313.0640829, 33.11173915863037
1718300313.0665882, 33.10765027999878
1718300313.0690944, 33.099472522735596
1718300313.071599, 33.054494857788086
1718300313.0741053, 33.074939250946045
1718300313.0766106, 33.07085037231445
1718300313.0790882, 32.621073722839355
1718300313.0815928, 33.10356140136719
1718300313.0840955, 33.10356140136719
1718300313.086603, 33.10356140136719
1718300313.0891142, 33.119916915893555
1718300313.0916, 32.77236223220825
1718300313.0940833, 32.6987624168396
1718300313.096592, 33.095383644104004
1718300313.0990725, 32.68240690231323
1718300313.101578, 33.095383644104004
1718300313.1040854, 33.13627243041992
1718300313.106568, 32.70285129547119
1718300313.109078, 33.140361309051514
1718300313.1115859, 33.1485390663147
1718300313.114098, 33.189427852630615
1718300313.1166081, 33.189427852630615
1718300313.1191196, 33.1976056098938
1718300313.121608, 32.780539989471436
1718300313.1240947, 32.76009559631348
1718300313.126606, 33.1976056098938
1718300313.1290944, 32.78871774673462
1718300313.1315815, 32.76827335357666
1718300313.1340942, 33.209872245788574
1718300313.136609, 33.258938789367676
1718300313.1391222, 33.1976056098938
1718300313.1416397, 33.26711654663086
1718300313.1441526, 33.27529430389404
1718300313.1466684, 33.26302766799927
1718300313.1491828, 33.27529430389404
1718300313.1516957, 33.18533897399902
1718300313.1542063, 33.22213888168335
1718300313.1566937, 32.81325101852417
1718300313.159181, 32.82960653305054
1718300313.1616697, 32.805073261260986
1718300313.1641917, 33.28347206115723
1718300313.166685, 32.85822868347168
1718300313.1691773, 32.86231756210327
1718300313.1716673, 32.87867307662964
1718300313.1741834, 33.324360847473145
1718300313.1766768, 32.890939712524414
1718300313.179169, 32.85413980484009
1718300313.1816826, 33.27120542526245
1718300313.184199, 33.29164981842041
1718300313.1867158, 33.295738697052
1718300313.18926, 33.79867076873779
1718300313.191781, 33.348894119262695
1718300313.1943011, 33.3448052406311
1718300313.1968212, 33.328449726104736
1718300313.1993406, 33.3448052406311
1718300313.2018578, 33.328449726104736
1718300313.2043777, 33.33253860473633
1718300313.2068987, 33.119916915893555
1718300313.209417, 33.36524963378906
1718300313.2119138, 32.92773962020874
1718300313.2144363, 33.33662748336792
1718300313.2169697, 33.49609375
1718300313.2194662, 32.964539527893066
1718300313.2219641, 32.92773962020874
1718300313.2244835, 33.34071636199951
1718300313.2269773, 32.940006256103516
1718300313.229475, 32.93182849884033
1718300313.2319953, 33.32027196884155
1718300313.2345138, 33.295738697052
1718300313.2370088, 32.93182849884033
1718300313.2395277, 33.295738697052
1718300313.2420228, 32.92365074157715
1718300313.2445173, 32.890939712524414
1718300313.2470114, 32.90320634841919
1718300313.249506, 32.960450649261475
1718300313.2520003, 32.890939712524414
1718300313.2544968, 32.95636177062988
1718300313.2570152, 33.324360847473145
1718300313.2595093, 32.9481840133667
1718300313.2620025, 32.91138410568237
1718300313.2645226, 33.373427391052246
1718300313.2670448, 33.36116075515747
1718300313.2695642, 33.324360847473145
1718300313.2720838, 33.28756093978882
1718300313.2746072, 33.35707187652588
1718300313.2771277, 33.31209421157837
1718300313.279646, 33.33662748336792
1718300313.2821407, 32.895028591156006
1718300313.2846372, 32.94409513473511
1718300313.287133, 32.93182849884033
1718300313.2896512, 33.299827575683594
1718300313.2921515, 32.90320634841919
1718300313.2946575, 32.9481840133667
1718300313.2971764, 33.38160514831543
1718300313.2997215, 33.76595973968506
1718300313.3022406, 33.35707187652588
1718300313.3047616, 33.31618309020996
1718300313.3072808, 33.33662748336792
1718300313.3098016, 33.30800533294678
1718300313.3123188, 33.32027196884155
1718300313.3148355, 33.3448052406311
1718300313.3173573, 33.438849449157715
1718300313.319878, 33.40204954147339
1718300313.322401, 33.43476057052612
1718300313.324935, 33.418405055999756
1718300313.32746, 33.38978290557861
1718300313.3299596, 32.99316167831421
1718300313.3324614, 33.01769495010376
1718300313.3349838, 33.3979606628418
1718300313.3375099, 33.43067169189453
1718300313.3400095, 33.02178382873535
1718300313.3425093, 33.00133943557739
1718300313.3450122, 32.940006256103516
1718300313.3475096, 33.01360607147217
1718300313.3500104, 32.97271728515625
1718300313.352511, 33.01360607147217
1718300313.3550332, 33.38978290557861
1718300313.3575583, 33.38160514831543
1718300313.3600838, 33.4470272064209
1718300313.3626096, 33.463382720947266
1718300313.3651345, 33.43067169189453
1718300313.3676608, 33.4470272064209
1718300313.3701854, 33.418405055999756
1718300313.372688, 33.03813934326172
1718300313.3751876, 33.0463171005249
1718300313.3776915, 33.04222822189331
1718300313.3801937, 33.02587270736694
1718300313.3827267, 32.99316167831421
1718300313.3853855, 33.47156047821045
1718300313.387916, 33.487915992736816
1718300313.390444, 33.45520496368408
1718300313.392974, 33.49200487136841
1718300313.3955011, 33.487915992736816
1718300313.3980298, 33.52062702178955
1718300313.4005554, 33.47564935684204
1718300313.4030833, 33.47156047821045
1718300313.4055858, 33.099472522735596
1718300313.4080908, 33.06267261505127
1718300313.4106202, 33.459293842315674
1718300313.4131236, 33.074939250946045
1718300313.415652, 33.47156047821045
1718300313.4181547, 33.07085037231445
1718300313.4206862, 33.53698253631592
1718300313.4231935, 33.11173915863037
1718300313.425722, 33.487915992736816
1718300313.428253, 33.508360385894775
1718300313.4307828, 33.51244926452637
1718300313.433312, 33.463382720947266
1718300313.4358406, 33.487915992736816
1718300313.4383442, 33.06267261505127
1718300313.4408493, 33.08311700820923
1718300313.4433532, 33.07085037231445
1718300313.4458575, 33.074939250946045
1718300313.4483604, 33.07085037231445
1718300313.4508653, 33.0463171005249
1718300313.4533694, 33.07902812957764
1718300313.4558733, 33.0463171005249
1718300313.4583766, 33.06267261505127
1718300313.4608796, 33.08720588684082
1718300313.4633918, 33.099472522735596
1718300313.465921, 33.10356140136719
1718300313.468424, 33.0463171005249
1718300313.470953, 33.49609375
1718300313.4734564, 33.08720588684082
1718300313.4759598, 33.12400579452515
1718300313.4784665, 33.11582803726196
1718300313.4809947, 33.49200487136841
1718300313.4835236, 33.508360385894775
1718300313.486047, 33.45111608505249
1718300313.4885752, 33.45520496368408
1718300313.4911008, 33.438849449157715
1718300313.493605, 33.01360607147217
1718300313.4961073, 33.07085037231445
1718300313.4986322, 33.438849449157715
1718300313.5011566, 33.43067169189453
1718300313.5036798, 33.373427391052246
1718300313.5061762, 32.95636177062988
1718300313.508677, 32.98907279968262
1718300313.5111995, 33.38569402694702
1718300313.513719, 33.35298299789429
1718300313.5162358, 33.34071636199951
1718300313.5187325, 32.88685083389282
1718300313.5212255, 32.90729522705078
1718300313.52372, 32.92365074157715
1718300313.5262394, 33.36116075515747
1718300313.5287611, 33.324360847473145
1718300313.5312803, 33.33253860473633
1718300313.533796, 33.328449726104736
1718300313.536312, 33.29164981842041
1718300313.5388265, 33.30800533294678
1718300313.5413175, 32.81733989715576
1718300313.5438056, 32.82960653305054
1718300313.5462964, 32.845962047576904
1718300313.5488093, 33.24258327484131
1718300313.551319, 33.17716121673584
1718300313.5538056, 32.76827335357666
1718300313.5562918, 32.72738456726074
1718300313.5588028, 33.19351673126221
1718300313.5612874, 32.72329568862915
1718300313.5637898, 32.70285129547119
1718300313.5662956, 33.09129476547241
1718300313.5687993, 33.11173915863037
1718300313.5712817, 32.67422914505005
1718300313.5737617, 32.621073722839355
1718300313.5762637, 33.08720588684082
1718300313.5787637, 32.98907279968262
1718300313.5812633, 33.03405046463013
1718300313.5837345, 32.54338502883911
1718300313.5862062, 32.52294063568115
1718300313.588704, 33.009517192840576
1718300313.5911777, 32.5474739074707
1718300313.5936766, 32.97271728515625
1718300313.59617, 32.895028591156006
1718300313.5986373, 32.46978521347046
1718300313.601107, 32.47796297073364
1718300313.603572, 32.42480754852295
1718300313.6060393, 32.45342969894409
1718300313.6085055, 32.457518577575684
1718300313.6109712, 32.43298530578613
1718300313.6134372, 32.45342969894409
1718300313.6159296, 32.85822868347168
1718300313.6184225, 32.87458419799805
1718300313.6208873, 32.42480754852295
1718300313.6233773, 32.82960653305054
1718300313.6258707, 32.895028591156006
1718300313.6283379, 32.457518577575684
1718300313.6308053, 32.46978521347046
1718300313.6332755, 32.441163063049316
1718300313.6357424, 32.44525194168091
1718300313.6382113, 32.457518577575684
1718300313.6406777, 32.47796297073364
1718300313.6431446, 32.45342969894409
1718300313.6456125, 32.437074184417725
1718300313.6480813, 32.4493408203125
1718300313.6505473, 32.45342969894409
1718300313.653038, 32.845962047576904
1718300313.6555066, 32.45342969894409
1718300313.6580472, 32.90320634841919
1718300313.6605442, 32.87867307662964
1718300313.6630354, 32.87458419799805
1718300313.665526, 32.86231756210327
1718300313.668016, 32.850050926208496
1718300313.6704798, 32.412540912628174
1718300313.6729596, 32.42480754852295
1718300313.6754522, 32.86640644073486
1718300313.677941, 32.776451110839844
1718300313.68043, 32.825517654418945
1718300313.682893, 32.39618539810181
1718300313.6853807, 32.83778429031372
1718300313.6878436, 32.412540912628174
1718300313.6903346, 32.87458419799805
1718300313.692799, 32.392096519470215
1718300313.6952665, 32.4002742767334
1718300313.6977305, 32.4002742767334
1718300313.7001925, 32.37982988357544
1718300313.7026787, 32.80916213989258
1718300313.7051663, 32.83369541168213
1718300313.7076328, 32.4002742767334
1718300313.7101226, 32.825517654418945
1718300313.7126114, 32.86231756210327
1718300313.7150753, 32.40845203399658
1718300313.7175395, 32.42071866989136
1718300313.7200089, 32.42071866989136
1718300313.7224991, 32.825517654418945
1718300313.7249696, 32.51885175704956
1718300313.7274597, 32.845962047576904
1718300313.7299495, 32.845962047576904
1718300313.7324395, 32.83369541168213
1718300313.7349281, 32.84187316894531
1718300313.7374218, 32.85822868347168
1718300313.7399354, 32.82142877578735
1718300313.7424262, 32.84187316894531
1718300313.7449179, 32.83369541168213
1718300313.74742, 32.84187316894531
1718300313.74991, 32.81733989715576
1718300313.7524016, 32.85413980484009
1718300313.7548933, 33.209872245788574
1718300313.7573614, 32.40436315536499
1718300313.7598264, 32.392096519470215
1718300313.7623188, 32.86231756210327
1718300313.7648094, 32.82142877578735
1718300313.7672992, 32.81325101852417
1718300313.7697873, 32.850050926208496
1718300313.772253, 32.39618539810181
1718300313.7747192, 32.461607456207275
1718300313.7771842, 32.40845203399658
1718300313.779671, 32.81733989715576
1718300313.7821376, 32.416629791259766
1718300313.7846038, 32.412540912628174
1718300313.787071, 32.42889642715454
1718300313.7895358, 32.441163063049316
1718300313.7920003, 32.42480754852295
1718300313.7944653, 32.37982988357544
1718300313.796941, 32.44525194168091
1718300313.7994592, 32.38391876220703
1718300313.801952, 32.825517654418945
1718300313.8044207, 32.437074184417725
1718300313.806909, 32.78462886810303
1718300313.8094018, 32.895028591156006
1718300313.811868, 32.4493408203125
1718300313.8143363, 32.42071866989136
1718300313.8168037, 32.412540912628174
1718300313.819271, 32.441163063049316
1718300313.8217385, 32.412540912628174
1718300313.824203, 32.40845203399658
1718300313.8266919, 32.82142877578735
1718300313.8291786, 32.81325101852417
1718300313.8316681, 32.87867307662964
1718300313.8341627, 32.88276195526123
1718300313.8366575, 32.870495319366455
1718300313.8391516, 32.86640644073486
1718300313.8416424, 32.83778429031372
1718300313.8441079, 32.437074184417725
1718300313.8465962, 32.800984382629395
1718300313.8490644, 32.40845203399658
1718300313.8515553, 32.850050926208496
1718300313.8540483, 32.895028591156006
1718300313.8565385, 32.83778429031372
1718300313.8590307, 32.87458419799805
1718300313.8615258, 32.890939712524414
1718300313.8640218, 32.890939712524414
1718300313.8665133, 32.845962047576904
1718300313.8690069, 32.90320634841919
1718300313.871501, 32.87458419799805
1718300313.873993, 32.92365074157715
1718300313.8764846, 32.87458419799805
1718300313.8789783, 32.92365074157715
1718300313.8814716, 32.88276195526123
1718300313.8839617, 32.870495319366455
1718300313.8864596, 32.915472984313965
1718300313.8889647, 32.85822868347168
1718300313.8914587, 32.86231756210327
1718300313.8939497, 32.85413980484009
1718300313.8964396, 32.85822868347168
1718300313.8989072, 32.44525194168091
1718300313.9014041, 32.90729522705078
1718300313.9038987, 32.87458419799805
1718300313.9063952, 32.92365074157715
1718300313.9088855, 32.88276195526123
1718300313.9113786, 32.915472984313965
1718300313.9138484, 32.46978521347046
1718300313.9163432, 32.87458419799805
1718300313.918835, 32.870495319366455
1718300313.9213276, 32.85413980484009
1718300313.923948, 32.85413980484009
1718300313.9264207, 32.50249624252319
1718300313.9289153, 32.87867307662964
1718300313.9313948, 32.4493408203125
1718300313.9338875, 32.90320634841919
1718300313.9363823, 32.92773962020874
1718300313.9388788, 32.984983921051025
1718300313.941348, 32.49022960662842
1718300313.9438174, 32.457518577575684
1718300313.9462857, 32.4984073638916
1718300313.9487803, 32.870495319366455
1718300313.9512513, 32.461607456207275
1718300313.95372, 32.486140727996826
1718300313.9562128, 32.91138410568237
1718300313.9586825, 32.482051849365234
1718300313.9611747, 32.87867307662964
1718300313.963643, 32.4984073638916
1718300313.966114, 32.51067399978638
1718300313.9685833, 32.46978521347046
1718300313.9710536, 32.486140727996826
1718300313.9735222, 32.47796297073364
1718300313.9759932, 32.47387409210205
1718300313.9784656, 32.506585121154785
1718300313.9809477, 32.46978521347046
1718300313.9834168, 32.441163063049316
1718300313.9858875, 32.44525194168091
1718300313.9883542, 32.4493408203125
1718300313.9908218, 32.47796297073364
1718300313.993289, 32.43298530578613
1718300313.9957561, 32.47387409210205
1718300313.9982235, 32.46978521347046
1718300314.00069, 32.50249624252319
1718300314.003157, 32.457518577575684
1718300314.0056298, 32.482051849365234
1718300314.0080998, 32.46978521347046
1718300314.0105703, 32.4984073638916
1718300314.0130405, 32.47387409210205
1718300314.015507, 32.45342969894409
1718300314.017975, 32.437074184417725
1718300314.0204663, 32.91138410568237
1718300314.0229366, 32.486140727996826
1718300314.0254095, 32.49431848526001
1718300314.0278792, 32.49431848526001
1718300314.030349, 32.45342969894409
1718300314.0328145, 32.42480754852295
1718300314.0352824, 32.4493408203125
1718300314.037752, 32.482051849365234
1718300314.0402193, 32.482051849365234
1718300314.0426874, 32.46978521347046
1718300314.0451543, 32.486140727996826
1718300314.0476465, 32.895028591156006
1718300314.0501158, 32.482051849365234
1718300314.0526085, 32.915472984313965
1718300314.0550787, 32.482051849365234
1718300314.0575492, 32.47387409210205
1718300314.0600164, 32.47796297073364
1718300314.0625086, 32.895028591156006
1718300314.0650017, 32.87458419799805
1718300314.0674918, 32.86640644073486
1718300314.0699844, 32.890939712524414
1718300314.0724804, 32.890939712524414
1718300314.0749748, 32.8991174697876
1718300314.0774717, 32.895028591156006
1718300314.079944, 32.47387409210205
1718300314.082443, 32.88685083389282
1718300314.0849395, 32.482051849365234
1718300314.0874088, 32.49431848526001
1718300314.0898795, 32.49022960662842
1718300314.0923738, 32.88276195526123
1718300314.0948663, 32.88685083389282
1718300314.097361, 32.88685083389282
1718300314.0998316, 32.486140727996826
1718300314.1023226, 32.8991174697876
1718300314.1048174, 32.91956186294556
1718300314.1073105, 32.915472984313965
1718300314.1098046, 32.86640644073486
1718300314.1123025, 32.94409513473511
1718300314.1147983, 32.92773962020874
1718300314.117293, 32.91138410568237
1718300314.1197867, 32.92773962020874
1718300314.1222827, 32.97271728515625
1718300314.124778, 32.92365074157715
1718300314.1272738, 32.92773962020874
1718300314.1297681, 32.9481840133667
1718300314.1322412, 32.506585121154785
1718300314.1347358, 32.91956186294556
1718300314.1372063, 32.551562786102295
1718300314.1396785, 32.51885175704956
1718300314.142241, 32.52294063568115
1718300314.1447165, 32.51885175704956
1718300314.1471899, 32.486140727996826
1718300314.14966, 32.50249624252319
1718300314.1521308, 32.51476287841797
1718300314.1546054, 32.51067399978638
1718300314.1570807, 32.5474739074707
1718300314.159554, 32.55974054336548
1718300314.1620479, 32.95227289199829
1718300314.1645489, 32.98907279968262
1718300314.1670456, 32.980895042419434
1718300314.1695437, 32.964539527893066
1718300314.1720407, 32.98907279968262
1718300314.1745167, 32.551562786102295
1718300314.176991, 32.59245157241821
1718300314.1794627, 32.58427381515503
1718300314.1819372, 32.5474739074707
1718300314.18441, 32.59245157241821
1718300314.1868832, 32.572007179260254
1718300314.1893563, 32.5474739074707
1718300314.1918588, 33.08311700820923
1718300314.19436, 33.03405046463013
1718300314.1968386, 32.66196250915527
1718300314.1993268, 32.62925148010254
1718300314.2018075, 32.65787363052368
1718300314.2043097, 33.01769495010376
1718300314.2068129, 33.05858373641968
1718300314.2093215, 33.11173915863037
1718300314.2118275, 33.10765027999878
1718300314.2143114, 32.71511793136597
1718300314.2167923, 32.65378475189209
1718300314.2192724, 32.67014026641846
1718300314.221779, 33.12400579452515
1718300314.2242658, 32.72329568862915
1718300314.2267501, 32.7478289604187
1718300314.2292347, 32.7478289604187
1718300314.231715, 32.7478289604187
1718300314.2342308, 33.21805000305176
1718300314.2367191, 32.780539989471436
1718300314.2392044, 32.780539989471436
1718300314.241717, 33.234405517578125
1718300314.2442346, 33.27120542526245
1718300314.2467277, 32.83369541168213
1718300314.2492192, 32.86640644073486
1718300314.2517118, 32.86640644073486
1718300314.2542286, 33.26302766799927
1718300314.2567227, 32.915472984313965
1718300314.2592173, 32.87867307662964
1718300314.261712, 32.8991174697876
1718300314.2642322, 33.32027196884155
1718300314.2667308, 32.94409513473511
1718300314.2692506, 33.37751626968384
1718300314.2717774, 33.41022729873657
1718300314.2743018, 33.38978290557861
1718300314.2768033, 32.98907279968262
1718300314.279326, 33.348894119262695
1718300314.281852, 33.414316177368164
1718300314.2843788, 33.42658281326294
1718300314.2868807, 33.06676149368286
1718300314.289414, 33.52062702178955
1718300314.291942, 33.47973823547363
1718300314.294452, 33.13218355178833
1718300314.2969832, 33.51653814315796
1718300314.299514, 33.5451602935791
1718300314.3020213, 33.13218355178833
1718300314.3045266, 33.12809467315674
1718300314.3070607, 33.573782444000244
1718300314.3095715, 33.20169448852539
1718300314.312085, 33.24258327484131
1718300314.314619, 33.56560468673706
1718300314.3171566, 33.65147113800049
1718300314.319694, 33.65964889526367
1718300314.3222146, 33.29164981842041
1718300314.3247542, 33.67191553115845
1718300314.327296, 33.74142646789551
1718300314.3298147, 33.348894119262695
1718300314.3323567, 33.688271045684814
1718300314.3348737, 33.279383182525635
1718300314.3373945, 33.33662748336792
1718300314.3399413, 33.79867076873779
1718300314.3424876, 33.76187086105347
1718300314.3450348, 33.827292919158936
1718300314.3475552, 33.40204954147339
1718300314.3500786, 33.40204954147339
1718300314.3526278, 33.847737312316895
1718300314.3551793, 33.83547067642212
1718300314.3577049, 33.50018262863159
1718300314.360257, 33.91315937042236
1718300314.3628116, 33.91315937042236
1718300314.3653424, 33.52062702178955
1718300314.3678718, 33.483827114105225
1718300314.3704283, 33.94995927810669
1718300314.3729866, 33.97449254989624
1718300314.3755188, 33.56151580810547
1718300314.3780787, 34.06444787979126
1718300314.3806121, 33.573782444000244
1718300314.383148, 33.6473822593689
1718300314.3857095, 34.076714515686035
1718300314.388247, 33.65964889526367
1718300314.3907878, 33.65147113800049
1718300314.3933527, 34.097158908843994
1718300314.3958938, 33.74960422515869
1718300314.3984609, 34.10942554473877
1718300314.4010053, 33.72098207473755
1718300314.4035473, 33.77413749694824
1718300314.4061153, 34.22391414642334
1718300314.4086607, 33.81093740463257
1718300314.4112055, 33.80684852600098
1718300314.4137793, 34.27298069000244
1718300314.4163547, 34.281158447265625
1718300314.4189088, 33.917248249053955
1718300314.4214587, 33.896803855895996
1718300314.4240386, 34.38746929168701
1718300314.4265974, 33.94995927810669
1718300314.4291794, 34.3915581703186
1718300314.4317377, 34.06444787979126
1718300314.4342966, 34.027647972106934
1718300314.4368565, 34.04809236526489
1718300314.4394155, 34.06444787979126
1718300314.4419804, 34.15031433105469
1718300314.444586, 34.624624252319336
1718300314.4471545, 34.15440320968628
1718300314.4497495, 34.66142416000366
1718300314.452342, 34.61235761642456
1718300314.454915, 34.27298069000244
1718300314.4575129, 34.6941351890564
1718300314.4600902, 34.3424916267395
1718300314.4626658, 34.35884714126587
1718300314.465408, 34.7922682762146
1718300314.4680166, 34.81271266937256
1718300314.4706533, 35.307466983795166
1718300314.4732645, 34.92720127105713
1718300314.475876, 34.943556785583496
1718300314.478463, 34.48151350021362
1718300314.4810545, 34.61235761642456
1718300314.4836695, 35.01306772232056
1718300314.486264, 34.60826873779297
1718300314.488863, 34.70231294631958
1718300314.4914896, 35.13164520263672
1718300314.4941173, 35.15617847442627
1718300314.4967468, 35.19706726074219
1718300314.4993773, 35.21751165390015
1718300314.5019853, 34.87813472747803
1718300314.5045977, 34.88222360610962
1718300314.5072389, 35.33200025558472
1718300314.5099044, 35.84719896316528
1718300314.5125456, 35.43013334274292
1718300314.5151894, 35.48328876495361
1718300314.5178354, 35.556888580322266
1718300314.5204825, 35.556888580322266
1718300314.5231066, 35.13164520263672
1718300314.5257335, 35.19706726074219
1718300314.5283895, 35.626399517059326
1718300314.5310488, 35.916709899902344
1718300314.5336819, 35.29520034790039
1718300314.536318, 35.36062240600586
1718300314.538981, 35.77768802642822
1718300314.541647, 35.87990999221802
1718300314.5443182, 35.945332050323486
1718300314.5469906, 35.94942092895508
1718300314.5496385, 35.532355308532715
1718300314.5522923, 35.63457727432251
1718300314.5549726, 36.08435392379761
1718300314.5576556, 36.10888719558716
1718300314.5603404, 36.15795373916626
1718300314.5630012, 35.74906587600708
1718300314.5656629, 35.80222129821777
1718300314.5683315, 35.86355447769165
1718300314.5709982, 35.92897653579712
1718300314.5736756, 35.97804307937622
1718300314.5763524, 36.05164289474487
1718300314.5790553, 36.49324178695679
1718300314.5817602, 36.51777505874634
1718300314.5844681, 36.57093048095703
1718300314.5871522, 36.20293140411377
1718300314.5898638, 36.63226366043091
1718300314.592553, 36.29697561264038
1718300314.595244, 36.34195327758789
1718300314.597939, 36.354219913482666
1718300314.6006405, 36.42373085021973
1718300314.6033432, 36.464619636535645
1718300314.606063, 36.55048608779907
1718300314.6087708, 36.603641510009766
1718300314.6114845, 36.64044141769409
1718300314.6141999, 36.648619174957275
1718300314.6169171, 36.7344856262207
1718300314.61965, 36.803996562957764
1718300314.6223743, 36.85715198516846
1718300314.625098, 36.8367075920105
1718300314.627826, 36.93075180053711
1718300314.6305597, 37.00435161590576
1718300314.6332943, 37.06159591674805
1718300314.636033, 37.09430694580078
1718300314.638775, 37.15972900390625
1718300314.6415212, 37.192440032958984
1718300314.644268, 37.24559545516968
1718300314.6470172, 37.29057312011719
1718300314.6498008, 37.82621622085571
1718300314.6525588, 37.41732835769653
1718300314.655344, 37.90390491485596
1718300314.6581085, 37.580883502960205
1718300314.660879, 37.60950565338135
1718300314.663651, 37.67901659011841
1718300314.666429, 37.719905376434326
1718300314.6692352, 38.24737071990967
1718300314.6720173, 37.84666061401367
1718300314.674802, 37.879371643066406
1718300314.6775923, 37.96114921569824
1718300314.680384, 38.05519342422485
1718300314.6831796, 37.95297145843506
1718300314.6860044, 38.59083652496338
1718300314.6888077, 38.218748569488525
1718300314.6916168, 38.27190399169922
1718300314.6944282, 38.31688165664673
1718300314.6974921, 33.43476057052612
1718300314.7003279, 38.447725772857666
1718300314.7031572, 38.533592224121094
1718300314.705988, 38.54176998138428
1718300314.7088487, 38.66034746170044
1718300314.7117274, 39.19190168380737
1718300314.7145646, 38.75439167022705
1718300314.7174082, 38.86070251464844
1718300314.720254, 38.926124572753906
1718300314.7231011, 39.016079902648926
1718300314.725955, 39.02016878128052
1718300314.7288396, 39.535367488861084
1718300314.7317114, 39.15919065475464
1718300314.7345772, 39.240968227386475
1718300314.737474, 39.76025581359863
1718300314.7403493, 39.445412158966064
1718300314.7432256, 39.47403430938721
1718300314.746134, 39.948344230651855
1718300314.7490194, 39.56398963928223
1718300314.7519062, 39.6253228187561
1718300314.7547991, 39.74798917770386
1718300314.7576973, 39.8256778717041
1718300314.7606337, 40.287721157073975
1718300314.7635412, 39.9278998374939
1718300314.766479, 40.45536518096924
1718300314.769396, 40.09554386138916
1718300314.7723148, 40.16096591949463
1718300314.7752597, 40.218210220336914
1718300314.7781854, 40.30407667160034
1718300314.7811193, 40.426743030548096
1718300314.7840574, 40.471720695495605
1718300314.7869997, 40.561676025390625
1718300314.7899542, 40.6230092048645
1718300314.7929435, 41.1218523979187
1718300314.7959, 40.78247547149658
1718300314.7988594, 40.84789752960205
1718300314.8018277, 40.9214973449707
1718300314.8047924, 41.04416370391846
1718300314.8077922, 41.54709577560425
1718300314.81077, 41.20362997055054
1718300314.813756, 41.29767417907715
1718300314.8167434, 41.3712739944458
1718300314.819738, 41.46122932434082
1718300314.8227413, 41.53482913970947
1718300314.825745, 41.60434007644653
1718300314.8287523, 41.702473163604736
1718300314.8317642, 41.80060625076294
1718300314.8347814, 41.89873933792114
1718300314.837804, 41.927361488342285
1718300314.840827, 42.01322793960571
1718300314.843834, 41.73109531402588
1718300314.8468719, 42.197227478027344
1718300314.849917, 42.34033823013306
1718300314.8529687, 42.43847131729126
1718300314.8560226, 42.471182346343994
1718300314.8590777, 42.5693154335022
1718300314.8621438, 42.675626277923584
1718300314.8652122, 42.76149272918701
1718300314.8682852, 42.80647039413452
1718300314.8713663, 42.949581146240234
1718300314.874454, 43.039536476135254
1718300314.8775709, 43.59971284866333
1718300314.880665, 43.17446947097778
1718300314.883771, 43.272602558135986
1718300314.886876, 43.362557888031006
1718300314.8899891, 43.48931312561035
1718300314.8931103, 43.62424612045288
1718300314.8962324, 43.68966817855835
1718300314.899359, 43.73873472213745
1718300314.9024901, 43.85322332382202
1718300314.9056275, 43.93908977508545
1718300314.9087462, 43.677401542663574
1718300314.9118762, 43.722379207611084
1718300314.9150355, 44.27437782287598
1718300314.9181995, 44.34797763824463
1718300314.921369, 44.45837736129761
1718300314.9245462, 44.61784362792969
1718300314.9277272, 44.66691017150879
1718300314.9309146, 44.82637643814087
1718300314.9341059, 44.85499858856201
1718300314.9373078, 44.98993158340454
1718300314.9405115, 45.088064670562744
1718300314.9437304, 45.14530897140503
1718300314.946947, 45.292508602142334
1718300314.9501684, 45.406997203826904
1718300314.953374, 45.067620277404785
1718300314.9565852, 45.19028663635254
1718300314.959829, 45.68912982940674
1718300314.963051, 45.3579306602478
1718300314.9662776, 45.48468589782715
1718300314.9695363, 46.05304002761841
1718300314.9727783, 45.750463008880615
1718300314.9760518, 46.22068405151367
1718300314.9793296, 46.39241695404053
1718300314.9826431, 46.92397117614746
1718300314.9859617, 47.022104263305664
1718300314.9892383, 46.298372745513916
1718300314.9925451, 46.83401584625244
1718300314.9958663, 46.96894884109497
1718300314.9991884, 47.08752632141113
1718300315.0025146, 47.17748165130615
1718300315.0058718, 47.71721363067627
1718300315.0091891, 47.03845977783203
1718300315.012564, 47.982990741729736
1718300315.0158958, 47.26334810256958
1718300315.0192873, 48.277390003204346
1718300315.0226622, 48.003435134887695
1718300315.0260394, 48.07703495025635
1718300315.0294263, 48.1997013092041
1718300315.0327945, 47.888946533203125
1718300315.0361974, 48.49001169204712
1718300315.0396314, 49.01747703552246
1718300315.043048, 48.731255531311035
1718300315.0464842, 48.870277404785156
1718300315.0499406, 49.43045377731323
1718300315.0533845, 49.12378787994385
1718300315.0568337, 49.26689863204956
1718300315.060328, 49.843430519104004
1718300315.0638185, 50.01107454299927
1718300315.0672932, 49.69214200973511
1718300315.0707521, 49.42227602005005
1718300315.0742168, 49.553120136260986
1718300315.0777152, 50.096940994262695
1718300315.0812218, 50.27276277542114
1718300315.0847366, 50.36271810531616
1718300315.08826, 50.56307315826416
1718300315.0917928, 50.71436166763306
1718300315.0953577, 51.31133794784546
1718300315.098933, 51.43400430679321
1718300315.102495, 51.18049383163452
1718300315.1060934, 51.7406702041626
1718300315.1098263, 51.52395963668823
1718300315.113415, 51.62618160247803
1718300315.1170125, 51.7897367477417
1718300315.12062, 51.93284749984741
1718300315.1242335, 52.0882248878479
1718300315.127856, 52.259957790374756
1718300315.1314871, 52.36626863479614
1718300315.1351278, 52.554357051849365
1718300315.1387775, 52.74244546890259
1718300315.1424608, 53.257644176483154
1718300315.1461582, 53.5356879234314
1718300315.149839, 53.22902202606201
1718300315.1535287, 53.38848829269409
1718300315.1572294, 53.511154651641846
1718300315.1609504, 53.69515419006348
1718300315.1646714, 53.91186475753784
1718300315.1683977, 54.02226448059082
1718300315.1721365, 54.18581962585449
1718300315.175887, 54.39026355743408
1718300315.1796446, 54.56608533859253
1718300315.1834092, 54.69692945480347
1718300315.187188, 54.897284507751465
1718300315.1910048, 55.54332733154297
1718300315.194803, 55.27346134185791
1718300315.198585, 55.0281286239624
1718300315.2024057, 55.63737154006958
1718300315.206233, 55.809104442596436
1718300315.2100768, 55.99719285964966
1718300315.2139277, 56.1771035194397
1718300315.21779, 56.34065866470337
1718300315.2216847, 56.94990158081055
1718300315.2255673, 56.741368770599365
1718300315.2294867, 57.31790065765381
1718300315.2333689, 56.671857833862305
1718300315.2373223, 57.285189628601074
1718300315.2412496, 57.493722438812256
1718300315.2451892, 57.68998861312866
1718300315.2491162, 57.46101140975952
1718300315.2530549, 57.649099826812744
1718300315.2570283, 58.19292068481445
1718300315.2609901, 58.02527666091919
1718300315.2649677, 58.13567638397217
1718300315.2689614, 58.376920223236084
1718300315.2729692, 58.84305238723755
1718300315.2769747, 58.785808086395264
1718300315.2809927, 58.99025201797485
1718300315.285022, 59.21105146408081
1718300315.289086, 59.88571643829346
1718300315.2931638, 60.061538219451904
1718300315.2972534, 60.225093364715576
1718300315.3013768, 60.84251403808594
1718300315.305489, 60.64215898513794
1718300315.309591, 60.50313711166382
1718300315.3137286, 61.10420227050781
1718300315.3178787, 61.28820180892944
1718300315.322016, 61.063313484191895
1718300315.3261917, 61.68891191482544
1718300315.3303316, 61.13691329956055
1718300315.3345308, 62.14686632156372
1718300315.3387191, 61.9097113609314
1718300315.3429196, 62.18775510787964
1718300315.347161, 62.862420082092285
1718300315.3513646, 62.204110622406006
1718300315.3556297, 63.246774673461914
1718300315.3598812, 63.05868625640869
1718300315.3641253, 62.89921998977661
1718300315.368406, 63.524818420410156
1718300315.3726974, 63.725173473358154
1718300315.3769784, 63.58206272125244
1718300315.3812973, 64.2035722732544
1718300315.385632, 64.39574956893921
1718300315.389977, 64.65743780136108
1718300315.394364, 65.33210277557373
1718300315.398738, 65.13583660125732
1718300315.403132, 65.38525819778442
1718300315.4075284, 65.55699110031128
1718300315.411943, 65.82276821136475
1718300315.4163954, 66.4933443069458
1718300315.4208364, 66.31752252578735
1718300315.425327, 67.01672077178955
1718300315.4298184, 67.1393871307373
1718300315.4343054, 67.03307628631592
1718300315.438828, 67.69547462463379
1718300315.4433396, 67.50329732894897
1718300315.4478652, 67.71591901779175
1718300315.452405, 67.94489622116089
1718300315.456964, 68.16160678863525
1718300315.4615288, 68.42738389968872
1718300315.4661057, 68.61956119537354
1718300315.4707026, 68.93031597137451
1718300315.4753122, 69.17564868927002
1718300315.479933, 69.34329271316528
1718300315.4845695, 69.60089206695557
1718300315.4892216, 69.85849142074585
1718300315.4938903, 70.14062404632568
1718300315.4985936, 70.79893350601196
1718300315.5032885, 70.57404518127441
1718300315.507997, 70.8766222000122
1718300315.5127213, 71.10968828201294
1718300315.5174356, 70.978844165802
1718300315.522187, 71.66168689727783
1718300315.5269773, 72.2750186920166
1718300315.531759, 72.16870784759521
1718300315.5365803, 72.80248403549194
1718300315.5414195, 73.10097217559814
1718300315.5462692, 73.29723834991455
1718300315.5510845, 72.70843982696533
1718300315.555963, 73.81652593612671
1718300315.5608115, 73.28088283538818
1718300315.5656989, 73.91057014465332
1718300315.5705802, 73.80834817886353
1718300315.575496, 74.43394660949707
1718300315.5804527, 75.12905597686768
1718300315.5854046, 75.00230073928833
1718300315.59037, 75.23536682128906
1718300315.5953515, 75.55429935455322
1718300315.6003482, 75.82007646560669
1718300315.6053355, 75.67696571350098
1718300315.6103365, 75.93865394592285
1718300315.6154046, 77.04674005508423
1718300315.6204636, 76.91998481750488
1718300315.625538, 77.18576192855835
1718300315.6306276, 77.46789455413818
1718300315.635734, 77.69278287887573
1718300315.6408546, 77.97082662582397
1718300315.6460168, 78.71091365814209
1718300315.6511729, 78.51873636245728
1718300315.6563444, 78.80086898803711
1718300315.6615303, 79.05846834182739
1718300315.6667376, 79.32015657424927
1718300315.6719575, 79.61046695709229
1718300315.6772192, 80.35464286804199
1718300315.6824713, 80.2033543586731
1718300315.6877344, 80.4037094116211
1718300315.6930392, 81.13970756530762
1718300315.698312, 80.59588670730591
1718300315.703627, 81.22557401657104
1718300315.7089856, 81.92477226257324
1718300315.7143602, 82.21099376678467
1718300315.719749, 82.47677087783813
1718300315.7251267, 82.35410451889038
1718300315.7305725, 83.48263502120972
1718300315.7359867, 82.95925855636597
1718300315.7413917, 82.78752565383911
1718300315.746815, 83.07374715805054
1718300315.7523003, 84.19818878173828
1718300315.7577775, 84.0387225151062
1718300315.7632737, 84.40672159194946
1718300315.7687829, 84.61525440216064
1718300315.774318, 84.94645357131958
1718300315.779865, 85.2367639541626
1718300315.7854555, 85.97685098648071
1718300315.7910366, 85.79694032669067
1718300315.796633, 86.14449501037598
1718300315.8022485, 86.39391660690308
1718300315.8078823, 86.74964904785156
1718300315.8135319, 86.98680400848389
1718300315.8192227, 87.75960206985474
1718300315.824969, 88.6264443397522
1718300315.8306968, 88.327956199646
1718300315.8364654, 89.04759883880615
1718300315.8422542, 89.38697576522827
1718300315.848033, 89.19070959091187
1718300315.8538077, 89.14573192596436
1718300315.8596003, 89.46057558059692
1718300315.8654091, 89.73453044891357
1718300315.871236, 90.02892971038818
1718300315.8771062, 90.74857234954834
1718300315.882994, 91.08386039733887
1718300315.8888736, 90.94483852386475
1718300315.8947947, 91.70128107070923
1718300315.9007351, 92.0161247253418
1718300315.906671, 91.88936948776245
1718300315.9126277, 92.19194650650024
1718300315.918599, 92.5108790397644
1718300315.9246106, 93.2141661643982
1718300315.9306428, 93.54945421218872
1718300315.93669, 93.85203123092651
1718300315.9427302, 93.74572038650513
1718300315.9487655, 93.62714290618896
1718300315.9548671, 94.77202892303467
1718300315.9609456, 94.207763671875
1718300315.967041, 94.63709592819214
1718300315.9731987, 95.73291540145874
1718300315.9793477, 95.6020712852478
1718300315.985515, 95.92918157577515
1718300315.9917514, 97.12313413619995
1718300315.9979868, 97.01273441314697
1718300316.0042183, 96.97184562683105
1718300316.0104916, 97.68739938735962
1718300316.0167344, 97.18855619430542
1718300316.0229926, 97.46659994125366
1718300316.0292726, 97.84277677536011
1718300316.035595, 98.56650829315186
1718300316.0419345, 98.86908531188965
1718300316.0482697, 98.78730773925781
1718300316.0546262, 99.18392896652222
1718300316.0610318, 99.95672702789307
1718300316.0674067, 99.46197271347046
1718300316.0738244, 100.16934871673584
1718300316.0802622, 100.53325891494751
1718300316.0867026, 100.50054788589478
1718300316.0931592, 100.888991355896
1718300316.0996614, 101.61272287368774
1718300316.1062365, 102.8802752494812
1718300316.112808, 102.80258655548096
1718300316.1194, 103.14196348190308
1718300316.1259892, 103.12560796737671
1718300316.1326008, 103.48951816558838
1718300316.1392574, 104.26640510559082
1718300316.1459122, 104.26231622695923
1718300316.1525865, 104.56898212432861
1718300316.1592836, 104.98195886611938
1718300316.1660306, 105.80382347106934
1718300316.172773, 105.79564571380615
1718300316.179565, 106.57662153244019
1718300316.1863809, 107.01004266738892
1718300316.193383, 107.39030838012695
1718300316.2002215, 107.35759735107422
1718300316.2070794, 107.74195194244385
1718300316.2139897, 108.58834981918335
1718300316.2209074, 108.55563879013062
1718300316.2278433, 108.9645266532898
1718300316.2347713, 108.89501571655273
1718300316.241773, 110.17074584960938
1718300316.2487993, 110.61234474182129
1718300316.2558997, 111.85945272445679
1718300316.2629232, 110.54692268371582
1718300316.269974, 110.98852157592773
1718300316.277098, 112.27651834487915
1718300316.2842207, 112.26016283035278
1718300316.2913988, 113.1515383720398
1718300316.2985747, 113.13518285751343
1718300316.3058517, 114.90975618362427
1718300316.3130825, 114.0470027923584
1718300316.320311, 114.10015821456909
1718300316.3276181, 115.38815498352051
1718300316.3349257, 115.45766592025757
1718300316.342286, 116.37357473373413
1718300316.3496478, 116.34904146194458
1718300316.3570127, 116.42673015594482
1718300316.3644063, 116.91330671310425
1718300316.3718297, 117.42441654205322
1718300316.3793046, 118.34441423416138
1718300316.386813, 118.8309907913208
1718300316.3943484, 119.34618949890137
1718300316.4019682, 120.73640823364258
1718300316.409563, 120.38067579269409
1718300316.417218, 121.39471769332886
1718300316.4248972, 121.82813882827759
1718300316.4325666, 122.38422632217407
1718300316.4402902, 122.5191593170166
1718300316.4480186, 122.65000343322754
1718300316.4558027, 123.58226776123047
1718300316.4636183, 124.17106628417969
1718300316.4714406, 124.29373264312744
1718300316.479296, 124.88253116607666
1718300316.4872348, 126.2604832649231
1718300316.49526, 127.72021293640137
1718300316.5032647, 127.4053692817688
1718300316.511281, 127.54439115524292
1718300316.5193045, 127.73656845092773
1718300316.5273573, 128.22314500808716
1718300316.5354478, 128.82829904556274
1718300316.543571, 129.45798635482788
1718300316.551755, 130.47611713409424
1718300316.559972, 131.03220462799072
1718300316.5682228, 131.6455364227295
1718300316.5764863, 131.76002502441406
1718300316.5848117, 132.892644405365
1718300316.5931695, 133.4323763847351
1718300316.6015608, 134.04570817947388
1718300316.6099877, 134.6345067024231
1718300316.618448, 135.21921634674072
1718300316.6269214, 135.45637130737305
1718300316.63543, 136.04516983032227
1718300316.643974, 136.65850162506104
1718300316.6525834, 137.74205446243286
1718300316.6612263, 138.36356401443481
1718300316.669881, 138.5761857032776
1718300316.6786242, 140.064537525177
1718300316.6874304, 141.12764596939087
1718300316.6962504, 141.33617877960205
1718300316.7050543, 141.10311269760132
1718300316.7139466, 142.62417554855347
1718300316.722846, 142.78773069381714
1718300316.7318103, 143.86719465255737
1718300316.7408354, 144.93848085403442
1718300316.7498832, 145.1020359992981
1718300316.7589579, 145.70719003677368
1718300316.7680428, 145.9402561187744
1718300316.7771416, 146.16923332214355
1718300316.7863307, 147.67394065856934
1718300316.7955568, 148.2872724533081
1718300316.8047955, 148.54896068572998
1718300316.814122, 150.04957914352417
1718300316.8234332, 149.76335763931274
1718300316.8327816, 150.44211149215698
1718300316.8421988, 151.58699750900269
1718300316.8516555, 152.26984024047852
1718300316.8611495, 152.9199719429016
1718300316.870681, 153.5251259803772
1718300316.880279, 154.71090078353882
1718300316.889863, 154.49827909469604
1718300316.8995392, 155.97845315933228
1718300316.9092293, 156.23196363449097
1718300316.918987, 157.34822750091553
1718300316.9287548, 157.6099157333374
1718300316.9385903, 158.76706838607788
1718300316.9484396, 159.01648998260498
1718300316.9583318, 159.71977710723877
1718300316.968266, 160.43124198913574
1718300316.9782667, 161.57203912734985
1718300316.988256, 161.42892837524414
1718300316.9982655, 161.7478609085083
1718300317.0083425, 162.92136907577515
1718300317.0184355, 163.1953239440918
1718300317.0285687, 163.90678882598877
1718300317.0387452, 164.585542678833
1718300317.0489671, 165.3828740119934
1718300317.059259, 166.5850043296814
1718300317.0695918, 167.36189126968384
1718300317.0799682, 168.081533908844
1718300317.0903866, 168.81344318389893
1718300317.1008513, 169.5780634880066
1718300317.1113825, 170.74339389801025
1718300317.121991, 171.95370197296143
1718300317.1326115, 172.268545627594
1718300317.1432788, 173.02498817443848
1718300317.1539886, 173.78143072128296
1718300317.16469, 173.62605333328247
1718300317.1754875, 175.3106713294983
1718300317.1863356, 176.14071369171143
1718300317.1972241, 176.83991193771362
1718300317.2081869, 178.07066440582275
1718300317.2191722, 178.48773002624512
1718300317.2301755, 178.81075143814087
1718300317.2412775, 180.51581382751465
1718300317.2523773, 180.47492504119873
1718300317.2635226, 181.26407861709595
1718300317.2747462, 182.56025314331055
1718300317.286015, 183.34531784057617
1718300317.2973368, 184.228515625
1718300317.3087122, 185.1239800453186
1718300317.3201332, 185.90086698532104
1718300317.3316517, 187.61001825332642
1718300317.3431897, 187.60592937469482
1718300317.3548076, 189.35188055038452
1718300317.3664522, 189.78121280670166
1718300317.3781703, 191.07329845428467
1718300317.3898857, 191.02832078933716
1718300317.401681, 192.3980951309204
1718300317.413502, 192.88467168807983
1718300317.4253747, 193.7433362007141
1718300317.4373314, 195.07222175598145
1718300317.4493651, 196.40110731124878
1718300317.4614518, 197.32928276062012
1718300317.4735332, 197.31292724609375
1718300317.4857218, 199.16518926620483
1718300317.4978867, 198.7358570098877
1718300317.5101612, 200.5308747291565
1718300317.522491, 201.44678354263306
1718300317.5348935, 202.44446992874146
1718300317.5472982, 202.88197994232178
1718300317.5597553, 203.79379987716675
1718300317.5722666, 204.73015308380127
1718300317.584891, 206.57423734664917
1718300317.5949266, 162.2467041015625
1718300317.5987692, 56.013548374176025
1718300317.6075945, 141.48746728897095
1718300317.6116805, 60.16784906387329
1718300317.6204011, 139.1240954399109
1718300317.6246467, 62.907397747039795
1718300317.6332538, 137.76249885559082
1718300317.637644, 65.36481380462646
1718300317.6461093, 135.276460647583
1718300317.6506457, 67.90400743484497
1718300317.6589985, 133.37104320526123
1718300317.6637292, 71.19146585464478
1718300317.6720188, 132.26295709609985
1718300317.676869, 73.29314947128296
1718300317.6850407, 130.2962064743042
1718300317.690061, 76.17172002792358
1718300317.698121, 128.28856706619263
1718300317.7032628, 78.25295925140381
1718300317.7113082, 128.11683416366577
1718300317.7165468, 79.91304397583008
1718300317.724478, 126.06421709060669
1718300317.7298658, 82.4972152709961
1718300317.7377229, 124.85390901565552
1718300317.7432876, 85.37987470626831
1718300317.7510614, 123.43506813049316
1718300317.7567446, 87.52244710922241
1718300317.7644248, 121.85676097869873
1718300317.7702827, 90.56048393249512
1718300317.7778475, 119.82049942016602
1718300317.7838318, 92.70714521408081
1718300317.7913961, 119.56290006637573
1718300317.7974224, 93.25505495071411
1718300317.8048937, 118.25445890426636
1718300317.8110657, 95.88420391082764
1718300317.8184962, 117.50210523605347
1718300317.8248467, 98.995840549469
1718300317.8321319, 115.01197814941406
1718300317.838615, 101.25699043273926
1718300317.8458264, 113.76487016677856
1718300317.8524408, 103.49769592285156
1718300317.8596575, 113.8957142829895
1718300317.866302, 104.06196117401123
1718300317.873548, 114.41500186920166
1718300317.8802226, 104.58942651748657
1718300317.8874483, 114.08380270004272
1718300317.8943021, 107.59884119033813
1718300317.9014325, 112.23971843719482
1718300317.908301, 107.94230699539185
1718300317.9155033, 113.61358165740967
1718300317.9224558, 109.32843685150146
1718300317.9297097, 114.5458459854126
1718300317.9365695, 107.58248567581177
1718300317.9439368, 116.4921522140503
1718300317.9507673, 107.17768669128418
1718300317.9581678, 117.04823970794678
1718300317.965027, 107.69288539886475
1718300317.9724867, 118.03774833679199
1718300317.9793253, 107.369863986969
1718300317.986917, 120.35614252090454
1718300317.993712, 106.57662153244019
1718300318.001365, 121.3701844215393
1718300318.0081625, 106.68702125549316
1718300318.015824, 121.50102853775024
1718300318.0227308, 108.50248336791992
1718300318.030355, 118.29534769058228
1718300318.0375087, 112.7467393875122
1718300318.04496, 117.74334907531738
1718300318.0521827, 113.87935876846313
1718300318.0596218, 117.70246028900146
1718300318.0668776, 114.52949047088623
1718300318.0743701, 118.60201358795166
1718300318.0816884, 115.5885100364685
1718300318.0891395, 117.9314374923706
1718300318.0965643, 117.436683177948
1718300318.1040492, 118.47525835037231
1718300318.1114883, 117.65748262405396
1718300318.11903, 119.40752267837524
1718300318.1264257, 116.92148447036743
1718300318.1340778, 121.31702899932861
1718300318.1414824, 117.00735092163086
1718300318.1491745, 122.04484939575195
1718300318.1566577, 118.41392517089844
1718300318.16436, 122.18796014785767
1718300318.171829, 118.18903684616089
1718300318.179588, 123.19382429122925
1718300318.1871197, 119.2766785621643
1718300318.194961, 124.53088760375977
1718300318.2024336, 118.23810338973999
1718300318.2103822, 126.42403841018677
1718300318.21784, 117.98868179321289
1718300318.225872, 127.87559032440186
1718300318.2333167, 117.72699356079102
1718300318.2414093, 128.88963222503662
1718300318.248884, 118.31579208374023
1718300318.257041, 129.98136281967163
1718300318.2645519, 118.8841462135315
1718300318.2726917, 129.71149682998657
1718300318.280288, 120.38067579269409
1718300318.2884645, 130.3452730178833
1718300318.2959952, 119.26032304763794
1718300318.3042824, 132.25477933883667
1718300318.3118696, 120.25392055511475
1718300318.3201723, 132.36517906188965
1718300318.3277915, 120.75685262680054
1718300318.336181, 133.96393060684204
1718300318.3437576, 119.9758768081665
1718300318.3522122, 135.05975008010864
1718300318.3598228, 120.59738636016846
1718300318.368338, 136.15965843200684
1718300318.3759558, 120.76094150543213
1718300318.3844848, 136.3804578781128
1718300318.3921647, 121.83631658554077
1718300318.4006996, 136.49903535842896
1718300318.4084432, 122.9198694229126
1718300318.4169862, 136.60943508148193
1718300318.4248183, 124.40822124481201
1718300318.4334009, 137.28818893432617
1718300318.4411926, 123.717200756073
1718300318.449837, 138.38809728622437
1718300318.4575682, 122.65409231185913
1718300318.4663496, 140.64924716949463
1718300318.4741175, 123.33284616470337
1718300318.4829571, 141.7041778564453
1718300318.4907622, 123.93800020217896
1718300318.4995914, 141.556978225708
1718300318.5074327, 124.58404302597046
1718300318.5164, 143.88763904571533
1718300318.5241783, 123.52093458175659
1718300318.5332353, 145.41279077529907
1718300318.5410025, 123.3205795288086
1718300318.55017, 147.36727476119995
1718300318.5579762, 124.00751113891602
1718300318.5671318, 147.12194204330444
1718300318.5750012, 125.05017518997192
1718300318.5841706, 147.36727476119995
1718300318.5920541, 125.34457445144653
1718300318.6012876, 148.45900535583496
1718300318.6093357, 128.12501192092896
1718300318.618559, 148.30362796783447
1718300318.6265686, 127.45034694671631
1718300318.6358063, 148.55304956436157
1718300318.6438782, 128.52572202682495
1718300318.6531804, 149.66113567352295
1718300318.661345, 129.95682954788208
1718300318.670613, 148.94967079162598
1718300318.6788392, 131.15487098693848
1718300318.6881473, 149.6815800666809
1718300318.6964123, 131.8418025970459
1718300318.7058344, 151.6851305961609
1718300318.714064, 131.15487098693848
1718300318.7213418, 114.93837833404541
1718300318.7283368, 110.05216836929321
1718300318.7336395, 81.07428550720215
1718300318.7399848, 98.91406297683716
1718300318.7463808, 99.7400164604187
1718300318.7523828, 92.99336671829224
1718300318.7587025, 98.57468605041504
1718300318.7651787, 101.1384129524231
1718300318.7711544, 92.58856773376465
1718300318.777552, 99.80952739715576
1718300318.784028, 101.15476846694946
1718300318.7900805, 93.86429786682129
1718300318.7964525, 99.37610626220703
1718300318.8029583, 101.66996717453003
1718300318.808985, 93.5085654258728
1718300318.815428, 100.59868097305298
1718300318.82189, 100.9380578994751
1718300318.827992, 94.74749565124512
1718300318.8345091, 101.84170007705688
1718300318.841003, 101.40419006347656
1718300318.8470554, 93.89700889587402
1718300318.8535554, 101.52276754379272
1718300318.8600955, 102.23832130432129
1718300318.866274, 96.03958129882812
1718300318.8727, 100.3369927406311
1718300318.8793662, 104.41769361495972
1718300318.8855462, 96.07638120651245
1718300318.8919542, 100.00170469284058
1718300318.8985739, 103.61218452453613
1718300318.9048555, 97.83051013946533
1718300318.9112635, 100.00170469284058
1718300318.917938, 104.54444885253906
1718300318.924246, 98.30482006072998
1718300318.930861, 103.53449583053589
1718300318.9374597, 103.3259630203247
1718300318.9438243, 99.23708438873291
1718300318.9503648, 102.27512121200562
1718300318.9570425, 104.59351539611816
1718300318.964227, 113.28647136688232
1718300318.9708726, 104.08649444580078
1718300318.9776328, 105.89786767959595
1718300318.9840016, 99.33112859725952
1718300318.9906342, 103.82071733474731
1718300318.99734, 104.99013662338257
1718300319.0037882, 100.72134733200073
1718300319.0103765, 103.07245254516602
1718300319.017129, 105.93057870864868
1718300319.0236306, 101.66587829589844
1718300319.0302973, 104.40133810043335
1718300319.0370314, 105.64026832580566
1718300319.0435867, 102.54907608032227
1718300319.0479562, 65.01317024230957
1718300319.052306, 64.7024154663086
1718300319.0566862, 65.26668071746826
1718300319.061072, 65.32392501831055
1718300319.065556, 65.0458812713623
1718300319.0699604, 65.60196876525879
1718300319.077168, 113.68309259414673
1718300319.0815754, 65.6428575515747
1718300319.0860915, 67.50329732894897
1718300319.0930557, 109.5615029335022
1718300319.0976653, 69.07342672348022
1718300319.102363, 70.6312894821167
1718300319.1070256, 69.97298002243042
1718300319.1117957, 71.91519737243652
1718300319.1165998, 72.55306243896484
1718300319.1213946, 72.33226299285889
1718300319.1262696, 73.71430397033691
1718300319.1312344, 75.20265579223633
1718300319.141797, 171.08277082443237
1718300319.152401, 171.87601327896118
1718300319.1630797, 173.20489883422852
1718300319.1728714, 158.00244808197021
1718300319.1835725, 173.67511987686157
1718300319.1942942, 173.98996353149414
1718300319.2050905, 175.22889375686646
1718300319.2150383, 160.66021919250488
1718300319.218415, 48.03614616394043
1718300319.221732, 47.022104263305664
1718300319.2314422, 156.64494037628174
1718300319.2381947, 105.95920085906982
1718300319.2479696, 157.74893760681152
1718300319.2514794, 50.280940532684326
1718300319.2550516, 51.38493776321411
1718300319.264502, 152.15535163879395
1718300319.2717886, 115.08557796478271
1718300319.281181, 151.19037628173828
1718300319.2848027, 52.120935916900635
1718300319.2937086, 142.84088611602783
1718300319.2974422, 54.10813093185425
1718300319.3010893, 52.644312381744385
1718300319.304798, 53.7319540977478
1718300319.3085866, 54.782795906066895
1718300319.312477, 56.741368770599365
1718300319.3162262, 54.42706346511841
1718300319.3200376, 55.42474985122681
1718300319.326971, 109.00132656097412
1718300319.3331378, 95.83922624588013
1718300319.3406518, 118.97001266479492
1718300319.349244, 137.48854398727417
1718300319.3556414, 99.8381495475769
1718300319.3629427, 114.85660076141357
1718300319.3715203, 139.1118288040161
1718300319.3780522, 101.8866777420044
1718300319.3820796, 59.07611846923828
1718300319.3859932, 57.14207887649536
1718300319.3898907, 56.86403512954712
1718300319.3937984, 57.04394578933716
1718300319.3977377, 57.64092206954956
1718300319.401757, 59.08020734786987
1718300319.405858, 60.46633720397949
1718300319.4148245, 143.92035007476807
1718300319.4188251, 58.699941635131836
1718300319.4228346, 58.88803005218506
1718300319.4268022, 58.19292068481445
1718300319.4307842, 58.27878713607788
1718300319.4348931, 60.57264804840088
1718300319.4390042, 60.6626033782959
1718300319.4430234, 59.084296226501465
1718300319.4470747, 59.64038372039795
1718300319.4511614, 60.225093364715576
1718300319.455629, 66.80818796157837
1718300319.46012, 67.11485385894775
1718300319.4646072, 67.0903205871582
1718300319.4688725, 63.28357458114624
1718300319.4733274, 66.48925542831421
1718300319.477655, 64.37939405441284
1718300319.4820218, 65.05405902862549
1718300319.4865105, 67.10258722305298
1718300319.4910576, 65.66739082336426
1718300319.4955168, 66.48925542831421
1718300319.504912, 151.21082067489624
1718300319.509484, 68.32925081253052
1718300319.5137637, 63.54117393493652
1718300319.517975, 62.33495473861694
1718300319.522295, 64.21583890914917
1718300319.5324447, 164.15621042251587
1718300319.5366292, 61.82793378829956
1718300319.5409482, 64.0481948852539
1718300319.5454013, 66.41565561294556
1718300319.550889, 84.23089981079102
1718300319.5552053, 64.16268348693848
1718300319.5597696, 68.39876174926758
1718300319.5641549, 65.31983613967896
1718300319.5685818, 66.01903438568115
1718300319.5784922, 159.8506212234497
1718300319.5829034, 65.7491683959961
1718300319.5873168, 65.77370166778564
1718300319.5916991, 65.24214744567871
1718300319.6061275, 237.52704858779907
1718300319.6104243, 63.860106468200684
1718300319.6147258, 63.94597291946411
1718300319.6193836, 69.95662450790405
1718300319.6240273, 69.7317361831665
1718300319.6285326, 67.33156442642212
1718300319.6332202, 70.49226760864258
1718300319.642052, 141.55288934707642
1718300319.6465266, 66.36658906936646
1718300319.6508825, 64.80872631072998
1718300319.6552963, 65.72463512420654
1718300319.6646268, 150.07411241531372
1718300319.6735115, 142.39110946655273
1718300319.677875, 64.91912603378296
1718300319.6822228, 64.71877098083496
1718300319.6867359, 67.55236387252808
1718300319.6911185, 65.27485847473145
1718300319.6955347, 65.87592363357544
1718300319.7051167, 153.80725860595703
1718300319.7095866, 66.57921075820923
1718300319.7216449, 196.87541723251343
1718300319.7261102, 66.63645505905151
1718300319.7306583, 68.12889575958252
1718300319.7352788, 69.36373710632324
1718300319.7397892, 67.4419641494751
1718300319.7442598, 66.77138805389404
1718300319.7490442, 72.16461896896362
1718300319.756407, 116.38175249099731
1718300319.7609656, 68.02667379379272
1718300319.7730446, 197.16163873672485
1718300319.7778783, 72.98239469528198
1718300319.7825935, 70.99519968032837
1718300319.7872167, 69.35147047042847
1718300319.7918427, 69.35964822769165
1718300319.7964716, 69.486403465271
1718300319.8013186, 73.23590517044067
1718300319.806161, 73.1745719909668
1718300319.8108778, 71.0279107093811
1718300319.8204772, 154.71090078353882
1718300319.8301055, 155.25472164154053
1718300319.834712, 69.17973756790161
1718300319.8393214, 69.12658214569092
1718300319.8439295, 69.1347599029541
1718300319.8487582, 72.8760838508606
1718300319.8534496, 70.59448957443237
1718300319.858068, 69.30649280548096
1718300319.8626826, 69.29831504821777
1718300319.8673775, 70.60266733169556
1718300319.877384, 161.73968315124512
1718300319.8819664, 68.77084970474243
1718300319.88655, 68.71769428253174
1718300319.896994, 169.18553113937378
1718300319.9061744, 147.52265214920044
1718300319.9108841, 70.7825779914856
1718300319.9155276, 69.71129179000854
1718300319.9200976, 68.48053932189941
1718300319.9373276, 285.58363914489746
1718300319.941925, 68.94258260726929
1718300319.946479, 68.1902289390564
1718300319.9510114, 67.82631874084473
1718300319.9587095, 122.13071584701538
1718300319.963469, 71.69439792633057
1718300319.971217, 122.92804718017578
1718300319.9758067, 68.75858306884766
1718300319.983651, 124.62084293365479
1718300319.9881923, 68.02258491516113
1718300319.992773, 68.68089437484741
1718300319.9972515, 66.88178777694702
1718300320.0018427, 68.86898279190063
1718300320.0063767, 67.87538528442383
1718300320.0109317, 68.2392954826355
1718300320.0154986, 68.40285062789917
1718300320.0199647, 66.71823263168335
1718300320.0311167, 181.2845230102539
1718300320.0356128, 67.17209815979004
1718300320.0514371, 261.4510774612427
1718300320.0559168, 66.95538759231567
1718300320.076515, 343.36767196655273
1718300320.0971026, 343.15096139907837
1718300320.1020641, 75.19856691360474
1718300320.1176589, 257.52575397491455
1718300320.1223168, 69.97706890106201
1718300320.1383593, 265.24555683135986
1718300320.159099, 345.7841992378235
1718300320.1637888, 70.5331563949585
1718300320.168431, 69.72355842590332
1718300320.1732175, 72.1768856048584
1718300320.1779974, 72.06648588180542
1718300320.1827252, 71.2282657623291
1718300320.1910193, 132.32837915420532
1718300320.1958804, 73.50168228149414
1718300320.2007425, 73.47714900970459
1718300320.2055788, 73.03146123886108
1718300320.210358, 72.08693027496338
1718300320.2151375, 72.13599681854248
1718300320.2218187, 104.69164848327637
1718300320.2268121, 75.73421001434326
1718300320.2316773, 73.61617088317871
1718300320.2365284, 73.29314947128296
1718300320.2414012, 73.64479303359985
1718300320.2527916, 185.48789024353027
1718300320.2577865, 75.79963207244873
1718300320.2629087, 77.98718214035034
1718300320.2678015, 74.07821416854858
1718300320.2742062, 99.94446039199829
1718300320.2803965, 96.26446962356567
1718300320.2852242, 72.90470600128174
1718300320.2902992, 77.19393968582153
1718300320.295627, 81.44228458404541
1718300320.3007364, 77.64371633529663
1718300320.3056185, 73.8206148147583
1718300320.3105242, 74.24176931381226
1718300320.3155327, 76.00407600402832
1718300320.3205178, 75.6156325340271
1718300320.3256018, 77.2634506225586
1718300320.3307426, 78.30202579498291
1718300320.335705, 75.19856691360474
1718300320.3408, 77.48016119003296
1718300320.3459206, 77.99944877624512
1718300320.350775, 73.39128255844116
1718300320.3558812, 77.70096063613892
1718300320.3674529, 188.59134912490845
1718300320.3724225, 75.36212205886841
1718300320.377331, 74.23768043518066
1718300320.3825097, 78.9030909538269
1718300320.38736, 73.31359386444092
1718300320.3922524, 74.08230304718018
1718300320.3970828, 72.9251503944397
1718300320.4096832, 206.18988275527954
1718300320.4148304, 78.31838130950928
1718300320.419608, 72.08284139633179
1718300320.4249744, 82.15374946594238
1718300320.4297779, 72.50808477401733
1718300320.434528, 71.53902053833008
1718300320.439209, 70.38595676422119
1718300320.4438815, 69.75626945495605
1718300320.4492886, 82.82841444015503
1718300320.454061, 71.98879718780518
1718300320.4613729, 115.53126573562622
1718300320.4660304, 70.0343132019043
1718300320.470631, 68.9875602722168
1718300320.4752185, 68.77493858337402
1718300320.4797988, 68.684983253479
1718300320.4844232, 69.47004795074463
1718300320.4890912, 70.18969058990479
1718300320.4937062, 69.29831504821777
1718300320.4983954, 70.54133415222168
1718300320.5031273, 71.24871015548706
1718300320.5085692, 83.44992399215698
1718300320.5136106, 76.5642523765564
1718300320.5214512, 124.5635986328125
1718300320.5265968, 78.3551812171936
1718300320.5312176, 69.39644813537598
1718300320.535901, 70.3287124633789
1718300320.5405543, 69.8830246925354
1718300320.545137, 68.684983253479
1718300320.5496728, 67.87538528442383
1718300320.554329, 69.9852466583252
1718300320.5588903, 68.34560632705688
1718300320.563478, 68.82400512695312
1718300320.5680463, 68.46827268600464
1718300320.577104, 145.45776844024658
1718300320.581735, 69.47822570800781
1718300320.5909808, 148.6430048942566
1718300320.5997348, 140.19947052001953
1718300320.604536, 72.45084047317505
1718300320.6136458, 146.35732173919678
1718300320.6224904, 141.8063998222351
1718300320.6274228, 74.65883493423462
1718300320.6323452, 74.52390193939209
1718300320.6419168, 154.28156852722168
1718300320.6503806, 135.2314829826355
1718300320.6555443, 78.66593599319458
1718300320.660472, 74.67519044876099
1718300320.6703196, 159.0083122253418
1718300320.6753547, 76.47020816802979
1718300320.6835074, 129.9527406692505
1718300320.6933742, 159.31906700134277
1718300320.6982749, 74.1231918334961
1718300320.7033417, 76.87909603118896
1718300320.7211733, 295.95303535461426
1718300320.7311265, 160.73790788650513
1718300320.736184, 76.83002948760986
1718300320.7443843, 130.73371648788452
1718300320.7490768, 70.4800009727478
1718300320.7537723, 70.62720060348511
1718300320.7584937, 71.04426622390747
1718300320.7632883, 72.35270738601685
1718300320.7679784, 70.57404518127441
1718300320.7726448, 70.1856017112732
1718300320.7773678, 71.11377716064453
1718300320.7820692, 70.74577808380127
1718300320.7867692, 70.68853378295898
1718300320.7916203, 73.35857152938843
1718300320.796451, 72.93332815170288
1718300320.8061888, 157.14787244796753
1718300320.811109, 74.52799081802368
1718300320.8205636, 149.71429109573364
1718300320.8253021, 71.27324342727661
1718300320.8299286, 69.42098140716553
1718300320.8345273, 68.8894271850586
1718300320.8391953, 70.04657983779907
1718300320.849117, 160.23088693618774
1718300320.8538096, 70.54542303085327
1718300320.8583925, 68.64818334579468
1718300320.8629446, 68.10436248779297
1718300320.8674839, 67.92036294937134
1718300320.8720586, 68.57867240905762
1718300320.882308, 165.89398384094238
1718300320.8914316, 146.5413212776184
1718300320.9014823, 162.36937046051025
1718300320.911778, 166.62589311599731
1718300320.9208615, 145.88710069656372
1718300320.9257154, 73.31768274307251
1718300320.9406874, 246.8292474746704
1718300320.9450438, 64.83325958251953
1718300320.9493062, 63.18544149398804
1718300320.9535437, 62.837886810302734
1718300320.9577372, 62.065088748931885
1718300320.961963, 62.568020820617676
1718300320.966294, 64.38757181167603
1718300320.9740374, 122.915780544281
1718300320.9820616, 127.70794630050659
1718300320.9907806, 139.63520526885986
1718300320.998609, 124.40004348754883
1718300321.0065184, 125.73710680007935
1718300321.020052, 222.03019857406616
1718300321.028544, 135.7753038406372
1718300321.036496, 126.46492719650269
1718300321.0447242, 131.1916708946228
1718300321.0533044, 137.25547790527344
1718300321.061115, 124.07293319702148
1718300321.0694058, 132.31611251831055
1718300321.0781665, 140.34667015075684
1718300321.0859876, 124.19968843460083
1718300321.103187, 285.0561738014221
1718300321.110919, 122.68271446228027
1718300321.1289685, 298.88885021209717
1718300321.1408844, 194.38529014587402
1718300321.1541862, 218.24798583984375
1718300321.166125, 194.85551118850708
1718300321.1740816, 126.52626037597656
1718300321.1821113, 127.78972387313843
1718300321.1902952, 130.3943395614624
1718300321.198479, 130.41069507598877
1718300321.2078588, 150.95322132110596
1718300321.216077, 131.01993799209595
1718300321.2259228, 158.99195671081543
1718300321.2333963, 118.29125881195068
1718300321.2416732, 132.07486867904663
1718300321.251411, 157.05382823944092
1718300321.263956, 205.24535179138184
1718300321.2721238, 130.16536235809326
1718300321.2814898, 150.6874442100525
1718300321.2897167, 131.26527070999146
1718300321.29787, 129.90776300430298
1718300321.3072999, 151.83641910552979
1718300321.3156865, 133.94757509231567
1718300321.3238254, 129.66651916503906
1718300321.3331733, 150.41348934173584
1718300321.341848, 138.89511823654175
1718300321.349848, 127.32359170913696
1718300321.3592577, 151.43979787826538
1718300321.367967, 139.463472366333
1718300321.380525, 205.53975105285645
1718300321.3900008, 152.56423950195312
1718300321.3994646, 152.40886211395264
1718300321.4068432, 116.63117408752441
1718300321.4150848, 131.40020370483398
1718300321.4257615, 173.20489883422852
1718300321.4331765, 117.27721691131592
1718300321.441234, 128.3090114593506
1718300321.4497447, 136.09423637390137
1718300321.4569063, 112.9511833190918
1718300321.4643025, 116.835618019104
1718300321.4723456, 128.03914546966553
1718300321.4805346, 130.55789470672607
1718300321.4881935, 121.50920629501343
1718300321.4955149, 115.68664312362671
1718300321.5035932, 128.64021062850952
1718300321.5118709, 132.07077980041504
1718300321.5196865, 124.10564422607422
1718300321.5269442, 114.55811262130737
1718300321.5351274, 130.03860712051392
1718300321.543222, 128.93460988998413
1718300321.5507684, 119.52201128005981
1718300321.5584097, 121.1739182472229
1718300321.5664792, 128.47665548324585
1718300321.5746114, 129.56429719924927
1718300321.5824142, 123.92573356628418
1718300321.5899866, 119.94316577911377
1718300321.598169, 130.45567274093628
1718300321.6063595, 130.57016134262085
1718300321.6141481, 123.75808954238892
1718300321.621771, 120.86725234985352
1718300321.6300137, 131.4860701560974
1718300321.6383133, 132.4960231781006
1718300321.646164, 124.79666471481323
1718300321.6546159, 135.09246110916138
1718300321.6654391, 175.79315900802612
1718300321.6722305, 106.63386583328247
1718300321.6820133, 157.8593373298645
1718300321.6913738, 150.60566663742065
1718300321.6983137, 109.10763740539551
1718300321.7053907, 111.46283149719238
1718300321.7124364, 110.87403297424316
1718300321.7325983, 335.8114242553711
1718300321.7397168, 112.16611862182617
1718300321.750462, 174.37840700149536
1718300321.758033, 119.91454362869263
1718300321.7723486, 235.6257200241089
1718300321.7797449, 116.7865514755249
1718300321.7908509, 180.60576915740967
1718300321.8003626, 153.20619344711304
1718300321.807591, 114.08380270004272
1718300321.8187253, 181.03101253509521
1718300321.8258092, 111.62229776382446
1718300321.8327494, 109.09537076950073
1718300321.8402033, 117.87828207015991
1718300321.8469682, 106.15955591201782
1718300321.8582673, 183.80327224731445
1718300321.8656735, 117.06868410110474
1718300321.8728719, 113.52362632751465
1718300321.8803053, 117.6329493522644
1718300321.8875303, 114.02655839920044
1718300321.8987942, 183.30851793289185
1718300322.0740259, 2995.185375213623
1718300322.1083066, 578.0243277549744
1718300322.1425629, 577.5336623191833
1718300322.1506064, 128.0473232269287
1718300322.1769466, 441.66022539138794
1718300322.185243, 132.36517906188965
1718300322.2114408, 439.35818672180176
1718300322.246107, 584.5624446868896
1718300322.281018, 588.7617230415344
1718300322.3159678, 589.5222544670105
1718300322.324579, 137.7297878265381
1718300322.3330672, 135.66490411758423
1718300322.3510404, 298.3123183250427
1718300322.3594623, 134.55272912979126
1718300322.3678901, 134.64677333831787
1718300322.3861983, 304.0653705596924
1718300322.3942652, 128.41941118240356
1718300322.4025173, 131.65780305862427
1718300322.411091, 137.1777892112732
1718300322.4215724, 169.8765516281128
1718300322.4296474, 128.57887744903564
1718300322.4383643, 139.6106719970703
1718300322.4469395, 137.16143369674683
1718300322.4568331, 159.8097324371338
1718300322.465474, 138.35538625717163
1718300322.4733953, 125.97835063934326
1718300322.482169, 140.60018062591553
1718300322.490117, 126.4567494392395
1718300322.5010364, 177.346932888031
1718300322.517608, 274.27788972854614
1718300322.5534804, 605.2644371986389
1718300322.5628724, 151.09224319458008
1718300322.5894141, 445.2584385871887
1718300322.5988653, 152.19215154647827
1718300322.6086726, 158.25186967849731
1718300322.6207943, 198.02439212799072
1718300322.630284, 152.825927734375
1718300322.639829, 153.8236141204834
1718300322.6523914, 205.52339553833008
1718300322.6616664, 149.17047023773193
1718300322.6712704, 154.8662781715393
1718300322.689123, 296.2719678878784
1718300322.6979995, 142.34613180160522
1718300322.708294, 166.6340708732605
1718300322.7256596, 287.8611445426941
1718300322.7345455, 142.52195358276367
1718300322.7448068, 166.0902500152588
1718300322.757195, 202.5671362876892
1718300322.771175, 229.86040115356445
1718300322.781426, 165.90216159820557
1718300322.793929, 204.55024242401123
1718300322.8186986, 414.88624811172485
1718300322.8303683, 190.2146339416504
1718300322.8449457, 239.97628688812256
1718300322.8561342, 181.97145462036133
1718300322.8677723, 189.67081308364868
1718300322.8904178, 378.44207286834717
1718300322.9050622, 241.26019477844238
1718300322.9280462, 384.22783613204956
1718300322.9399939, 195.02315521240234
1718300322.950631, 172.53023386001587
1718300322.9613, 173.09449911117554
1718300322.971931, 172.39121198654175
1718300322.9825158, 171.7124581336975
1718300322.9965005, 229.9912452697754
1718300323.0070553, 171.11139297485352
1718300323.0178182, 174.7055172920227
1718300323.0335317, 259.5497488975525
1718300323.0442963, 174.69325065612793
1718300323.0530624, 140.4202699661255
1718300323.0639389, 176.63955688476562
1718300323.074786, 176.17751359939575
1718300323.0856323, 175.98533630371094
1718300323.0965822, 177.88257598876953
1718300323.1074967, 177.2937774658203
1718300323.1184235, 177.47777700424194
1718300323.129388, 178.16061973571777
1718300323.140463, 180.03332614898682
1718300323.1518428, 185.26709079742432
1718300323.162914, 179.92292642593384
1718300323.1741488, 182.76060819625854
1718300323.1855905, 186.35064363479614
1718300323.1968992, 183.9790940284729
1718300323.2095587, 208.0503225326538
1718300323.2238863, 235.8178973197937
1718300323.2351608, 180.241858959198
1718300323.2429254, 123.0711579322815
1718300323.2507935, 125.00519752502441
1718300323.2586815, 125.38137435913086
1718300323.2666235, 126.3095498085022
1718300323.2743661, 122.88306951522827
1718300323.281989, 120.78956365585327
1718300323.2899523, 126.7102599143982
1718300323.2977223, 123.3696460723877
1718300323.3057384, 127.58936882019043
1718300323.31386, 129.37620878219604
1718300323.3211653, 115.31864404678345
1718300323.3290777, 125.82297325134277
1718300323.3364701, 116.86424016952515
1718300323.344915, 134.9820613861084
1718300323.3524084, 118.50796937942505
1718300323.360175, 122.38013744354248
1718300323.3686373, 132.57371187210083
1718300323.3762782, 119.8777437210083
1718300323.3839607, 121.60733938217163
1718300323.391446, 118.37712526321411
1718300323.4000537, 137.7216100692749
1718300323.4077318, 121.7708945274353
1718300323.415432, 122.16342687606812
1718300323.4230833, 121.29658460617065
1718300323.4352229, 198.15114736557007
1718300323.4515643, 270.172655582428
1718300323.4622917, 174.01858568191528
1718300323.47879, 272.93673753738403
1718300323.495332, 273.8076686859131
