1718300455.5045197, 45.725929737091064
1718300455.5077565, 45.570552349090576
1718300455.510967, 45.10033130645752
1718300455.514194, 45.431530475616455
1718300455.517412, 45.28024196624756
1718300455.5206206, 45.1616644859314
1718300455.5238025, 44.63828802108765
1718300455.5269775, 44.523799419403076
1718300455.5301452, 44.42157745361328
1718300455.5333054, 44.33162212371826
1718300455.5364628, 44.23348903656006
1718300455.539637, 44.544243812561035
1718300455.5428066, 44.43384408950806
1718300455.5459707, 44.319355487823486
1718300455.54913, 44.21713352203369
1718300455.552256, 43.701934814453125
1718300455.5553727, 43.54655742645264
1718300455.5584815, 43.41980218887329
1718300455.5615864, 43.37073564529419
1718300455.5647109, 43.632423877716064
1718300455.567807, 43.18264722824097
1718300455.570893, 43.0681586265564
1718300455.5739746, 42.925047874450684
1718300455.5770516, 42.839181423187256
1718300455.5801184, 42.69198179244995
1718300455.5832088, 43.064069747924805
1718300455.5862641, 42.52842664718628
1718300455.589317, 42.45891571044922
1718300455.5923636, 42.33216047286987
1718300455.5954037, 42.266738414764404
1718300455.598436, 42.13998317718506
1718300455.601494, 42.475271224975586
1718300455.6045434, 42.336249351501465
1718300455.607586, 42.27491617202759
1718300455.6106253, 42.176783084869385
1718300455.6136599, 42.12771654129028
1718300455.6166594, 41.55527353286743
1718300455.619678, 41.84149503707886
1718300455.6226935, 41.7719841003418
1718300455.6257033, 41.7188286781311
1718300455.628709, 41.64522886276245
1718300455.631681, 41.105496883392334
1718300455.6346524, 41.00327491760254
1718300455.6376393, 41.28540754318237
1718300455.6406243, 41.26087427139282
1718300455.6436, 41.130030155181885
1718300455.6465476, 40.64754247665405
1718300455.6494877, 40.50443172454834
1718300455.6524506, 40.905141830444336
1718300455.6554074, 40.81927537918091
1718300455.6583323, 40.242743492126465
1718300455.661308, 41.04416370391846
1718300455.6642494, 40.56576490402222
1718300455.6671607, 40.04647731781006
1718300455.6700923, 40.32860994338989
1718300455.6729898, 39.23279047012329
1718300455.6758866, 39.784789085388184
1718300455.6788075, 40.107810497283936
1718300455.6817236, 40.058743953704834
1718300455.6846273, 39.90745544433594
1718300455.687506, 39.39634561538696
1718300455.6903725, 39.29821252822876
1718300455.693242, 39.261412620544434
1718300455.6961286, 39.576256275177
1718300455.6989894, 39.11012411117554
1718300455.7018676, 39.43314552307129
1718300455.7047112, 38.90976905822754
1718300455.7075546, 38.84025812149048
1718300455.7103927, 38.77074718475342
1718300455.7132242, 38.672614097595215
1718300455.716052, 38.57448101043701
1718300455.7188816, 38.54176998138428
1718300455.7217264, 38.82390260696411
1718300455.7245698, 38.832080364227295
1718300455.7273796, 38.33732604980469
1718300455.7302115, 38.66443634033203
1718300455.7330384, 38.57448101043701
1718300455.7358348, 38.07563781738281
1718300455.738628, 37.97750473022461
1718300455.7414172, 37.94070482254028
1718300455.7441986, 37.83848285675049
1718300455.7469795, 37.74852752685547
1718300455.7497547, 37.695372104644775
1718300455.7524993, 37.15564012527466
1718300455.7552931, 37.969326972961426
1718300455.7580566, 37.515461444854736
1718300455.7608423, 37.81803846359253
1718300455.7635987, 37.306928634643555
1718300455.7663484, 37.282395362854004
1718300455.7690706, 36.74266338348389
1718300455.7718132, 37.09430694580078
1718300455.7745533, 37.09839582443237
1718300455.777313, 37.400972843170166
1718300455.78002, 36.50550842285156
1718300455.7827456, 36.84488534927368
1718300455.7854977, 37.22923994064331
1718300455.788214, 36.70177459716797
1718300455.7909286, 36.644530296325684
1718300455.7936363, 36.57501935958862
1718300455.7963173, 36.04755401611328
1718300455.7990203, 36.464619636535645
1718300455.801719, 36.37057542800903
1718300455.8043897, 35.916709899902344
1718300455.807055, 36.010754108428955
1718300455.8097415, 36.194753646850586
1718300455.812449, 36.50550842285156
1718300455.8151047, 35.65502166748047
1718300455.8177555, 35.53644418716431
1718300455.8204024, 35.507822036743164
1718300455.8230748, 35.88399887084961
1718300455.8257353, 35.72453260421753
1718300455.828375, 35.28702259063721
1718300455.8310072, 35.28702259063721
1718300455.8336632, 35.61413288116455
1718300455.8363123, 35.552799701690674
1718300455.8389354, 35.02124547958374
1718300455.8415534, 34.988534450531006
1718300455.8441947, 35.36062240600586
1718300455.846833, 35.31564474105835
1718300455.8494453, 34.85769033432007
1718300455.8520775, 35.192978382110596
1718300455.8547058, 35.168445110321045
1718300455.8573272, 35.078489780426025
1718300455.8599803, 35.466933250427246
1718300455.8625705, 34.555113315582275
1718300455.8651602, 34.49786901473999
1718300455.8677456, 34.45698022842407
1718300455.8703523, 34.76364612579346
1718300455.8729656, 34.6941351890564
1718300455.8755646, 34.72275733947754
1718300455.8781793, 34.68595743179321
1718300455.880775, 34.61644649505615
1718300455.8833928, 34.95582342147827
1718300455.8859823, 34.52649116516113
1718300455.8885934, 34.824979305267334
1718300455.8911767, 34.33840274810791
1718300455.8937545, 34.28524732589722
1718300455.8963282, 34.23209190368652
1718300455.8990571, 34.21982526779175
1718300455.9016523, 34.4937801361084
1718300455.904218, 34.06853675842285
1718300455.9067814, 34.01947021484375
1718300455.9093397, 34.01538133621216
1718300455.9118721, 33.5451602935791
1718300455.9144237, 33.86818170547485
1718300455.9169745, 33.782315254211426
1718300455.9195185, 33.77004861831665
1718300455.9220667, 33.75369310379028
1718300455.9246082, 33.67191553115845
1718300455.927144, 33.209872245788574
1718300455.9297087, 34.00311470031738
1718300455.9322684, 33.97040367126465
1718300455.9348257, 33.917248249053955
1718300455.9373562, 33.49609375
1718300455.9398813, 33.43476057052612
1718300455.9424057, 33.348894119262695
1718300455.9449399, 33.31209421157837
1718300455.9474566, 33.23849439620972
1718300455.94997, 33.22622776031494
1718300455.952523, 31.97094202041626
1718300455.9550452, 33.10765027999878
1718300455.9575243, 32.596540451049805
1718300455.9600723, 33.050405979156494
1718300455.9626033, 33.438849449157715
1718300455.9651082, 32.980895042419434
1718300455.967608, 32.895028591156006
1718300455.9701028, 32.81325101852417
1718300455.97261, 31.255388259887695
1718300455.9751406, 33.19351673126221
1718300455.9776294, 32.756006717681885
1718300455.9801137, 32.731473445892334
1718300455.9825776, 32.326674461364746
1718300455.9850621, 32.67831802368164
1718300455.987522, 32.26943016052246
1718300455.9900336, 33.17307233810425
1718300455.9925437, 33.15671682357788
1718300455.9950294, 32.76009559631348
1718300455.997516, 32.731473445892334
1718300455.9999793, 32.31440782546997
1718300456.0024426, 32.31031894683838
1718300456.004947, 32.83369541168213
1718300456.0074399, 32.84187316894531
1718300456.009933, 32.845962047576904
1718300456.0124526, 33.32027196884155
1718300456.014949, 32.88685083389282
1718300456.0174468, 32.890939712524414
1718300456.0199468, 32.935917377471924
1718300456.0224729, 33.42658281326294
1718300456.0250053, 32.95227289199829
1718300456.0275118, 33.029961585998535
1718300456.0299919, 32.641518115997314
1718300456.0325015, 33.140361309051514
1718300456.0350118, 33.10765027999878
1718300456.0375228, 33.16080570220947
1718300456.0400631, 33.5942268371582
1718300456.0425756, 33.1976056098938
1718300456.0450947, 33.26711654663086
1718300456.0476413, 33.737337589263916
1718300456.0501592, 33.28756093978882
1718300456.0526807, 33.34071636199951
1718300456.0552287, 33.81502628326416
1718300456.0577824, 33.851826190948486
1718300456.0603104, 33.4470272064209
1718300456.0628448, 33.51653814315796
1718300456.0653768, 33.51653814315796
1718300456.067912, 33.56560468673706
1718300456.070475, 34.02355909347534
1718300456.0730126, 33.58196020126343
1718300456.0755544, 33.68418216705322
1718300456.0781221, 34.11760330200195
1718300456.080664, 33.70462656021118
1718300456.083214, 33.778226375579834
1718300456.0857885, 34.23209190368652
1718300456.0883384, 33.778226375579834
1718300456.0909145, 34.2934250831604
1718300456.0935044, 33.86818170547485
1718300456.0960631, 33.92951488494873
1718300456.098644, 34.3424916267395
1718300456.1012034, 33.986759185791016
1718300456.1037643, 34.03991460800171
1718300456.1063254, 34.052181243896484
1718300456.1088903, 34.06035900115967
1718300456.1114583, 34.12986993789673
1718300456.1140308, 34.187114238739014
1718300456.1166284, 34.63280200958252
1718300456.1192045, 34.21982526779175
1718300456.121782, 34.29751396179199
1718300456.1243632, 34.326136112213135
1718300456.12697, 34.829068183898926
1718300456.129557, 34.38338041305542
1718300456.1321456, 34.48969125747681
1718300456.1347363, 34.46924686431885
1718300456.1373248, 34.46924686431885
1718300456.1398935, 34.146225452423096
1718300456.1424913, 34.58373546600342
1718300456.1450858, 34.63280200958252
1718300456.1476562, 34.191203117370605
1718300456.1502545, 34.714579582214355
1718300456.152857, 34.759557247161865
1718300456.1554625, 34.759557247161865
1718300456.1580708, 34.76364612579346
1718300456.1606836, 34.85769033432007
1718300456.1633208, 35.282933712005615
1718300456.165912, 34.48969125747681
1718300456.168503, 34.56737995147705
1718300456.1711218, 35.008978843688965
1718300456.1737452, 35.058045387268066
1718300456.1763701, 35.078489780426025
1718300456.1790206, 35.56915521621704
1718300456.181649, 35.17253398895264
1718300456.1842785, 35.22160053253174
1718300456.1868896, 34.87813472747803
1718300456.1895285, 35.282933712005615
1718300456.1921685, 35.38106679916382
1718300456.1948073, 35.36880016326904
1718300456.1974258, 34.984445571899414
1718300456.2000725, 35.47511100769043
1718300456.202721, 35.49555540084839
1718300456.2053726, 35.552799701690674
1718300456.208049, 35.99848747253418
1718300456.2107024, 35.601866245269775
1718300456.2133622, 35.646843910217285
1718300456.2160246, 35.73271036148071
1718300456.218688, 35.716354846954346
1718300456.2213535, 35.81857681274414
1718300456.2240245, 35.851287841796875
1718300456.226695, 35.91262102127075
1718300456.2293758, 35.965776443481445
1718300456.232078, 36.39101982116699
1718300456.2347815, 36.45644187927246
1718300456.2374609, 36.031198501586914
1718300456.2401457, 36.080265045166016
1718300456.2428093, 35.77768802642822
1718300456.2455006, 36.22337579727173
1718300456.2481937, 36.235642433166504
1718300456.2508917, 36.34195327758789
1718300456.2535875, 36.34195327758789
1718300456.256289, 36.45235300064087
1718300456.2589877, 36.4359974861145
1718300456.2616966, 36.51777505874634
1718300456.264404, 36.50141954421997
1718300456.2670896, 36.170220375061035
1718300456.2698023, 36.64044141769409
1718300456.2725177, 36.65679693222046
1718300456.2752373, 36.73039674758911
1718300456.2779622, 36.738574504852295
1718300456.280687, 36.85715198516846
1718300456.2834172, 36.9348406791687
1718300456.2861466, 36.88986301422119
1718300456.2888787, 36.987996101379395
1718300456.291612, 37.04115152359009
1718300456.294351, 37.0861291885376
1718300456.297101, 37.196528911590576
1718300456.2998753, 37.601327896118164
1718300456.3026285, 37.29466199874878
1718300456.305378, 37.25786209106445
1718300456.308108, 36.918485164642334
1718300456.31087, 37.45412826538086
1718300456.3136322, 37.466394901275635
1718300456.3163977, 37.486839294433594
1718300456.3191662, 37.560439109802246
1718300456.3219352, 37.580883502960205
1718300456.324708, 37.67901659011841
1718300456.3274584, 37.26603984832764
1718300456.3302372, 37.74852752685547
1718300456.3330183, 37.76897192001343
1718300456.3358428, 36.738574504852295
1718300456.3386524, 37.97750473022461
1718300456.3414488, 38.02657127380371
1718300456.344271, 38.52132558822632
1718300456.3470702, 38.12061548233032
1718300456.3498785, 38.13697099685669
1718300456.352685, 38.263726234436035
1718300456.3554964, 38.284170627593994
1718300456.3583355, 38.77483606338501
1718300456.3611505, 38.353681564331055
1718300456.3639705, 38.4313702583313
1718300456.366793, 38.4804368019104
1718300456.369648, 38.971102237701416
1718300456.3724997, 39.04879093170166
1718300456.3753366, 38.738036155700684
1718300456.3781765, 38.75030279159546
1718300456.3810165, 38.77074718475342
1718300456.383857, 38.832080364227295
1718300456.3867052, 38.89341354370117
1718300456.3895843, 39.420878887176514
1718300456.3924634, 39.44132328033447
1718300456.395322, 39.0774130821228
1718300456.3981833, 39.151012897491455
1718300456.4010465, 39.19190168380737
1718300456.4039128, 39.240968227386475
1718300456.4068112, 39.78070020675659
1718300456.409712, 39.80114459991455
1718300456.4126565, 38.67670297622681
1718300456.4155517, 39.51083421707153
1718300456.418437, 39.56398963928223
1718300456.4213479, 39.653944969177246
1718300456.4242673, 40.14869928359985
1718300456.4271662, 39.79705572128296
1718300456.430071, 39.79705572128296
1718300456.4329731, 39.858388900756836
1718300456.435905, 40.332698822021484
1718300456.438856, 40.48807621002197
1718300456.4417706, 40.09145498275757
1718300456.4446902, 40.128254890441895
1718300456.4476109, 40.177321434020996
1718300456.4505587, 40.651631355285645
1718300456.4535124, 40.77020883560181
1718300456.456446, 40.381765365600586
1718300456.4594073, 40.835630893707275
1718300456.462344, 40.45536518096924
1718300456.4652865, 40.5739426612854
1718300456.4682322, 40.631186962127686
1718300456.4712079, 41.11367464065552
1718300456.474348, 41.20771884918213
1718300456.47731, 40.80700874328613
1718300456.4802735, 40.946030616760254
1718300456.4832697, 41.39580726623535
1718300456.4862425, 41.03189706802368
1718300456.4892192, 41.085052490234375
1718300456.4922247, 41.61660671234131
1718300456.4952102, 41.29358530044556
1718300456.4981976, 41.30176305770874
1718300456.5011873, 41.37536287307739
1718300456.5042076, 41.882383823394775
1718300456.5072064, 41.55118465423584
1718300456.5102336, 41.95598363876343
1718300456.513241, 41.66158437728882
1718300456.5162494, 41.698384284973145
1718300456.5192628, 41.743361949920654
1718300456.5223043, 42.225849628448486
1718300456.5253296, 41.92327260971069
1718300456.5283558, 41.98460578918457
1718300456.5313866, 42.02549457550049
1718300456.5344458, 42.54887104034424
1718300456.5374827, 42.197227478027344
1718300456.5405242, 42.26264953613281
1718300456.5435722, 42.32398271560669
1718300456.546665, 42.82691478729248
1718300456.54972, 42.44664907455444
1718300456.552779, 42.57749319076538
1718300456.5558667, 43.03544759750366
1718300456.5589342, 42.724692821502686
1718300456.5620358, 43.199002742767334
1718300456.5651357, 43.20718050003052
1718300456.5682151, 42.884159088134766
1718300456.5713243, 43.37482452392578
1718300456.5744135, 43.019092082977295
1718300456.5775332, 43.54655742645264
1718300456.5806296, 43.18264722824097
1718300456.5837574, 43.75509023666382
1718300456.5868623, 43.37073564529419
1718300456.5899925, 43.795979022979736
1718300456.5931072, 43.4647798538208
1718300456.5962484, 43.926823139190674
1718300456.5993989, 44.06993389129639
1718300456.6025505, 44.12308931350708
1718300456.605707, 44.19668912887573
1718300456.6088655, 44.23757791519165
1718300456.612032, 44.360244274139404
1718300456.6152012, 44.4133996963501
1718300456.6183774, 44.54833269119263
1718300456.6215584, 44.613754749298096
1718300456.624744, 44.66691017150879
1718300456.6279056, 44.294822216033936
1718300456.6310747, 44.384777545928955
1718300456.634269, 44.89588737487793
1718300456.6374502, 44.58513259887695
1718300456.640659, 45.137131214141846
1718300456.6438456, 44.74050998687744
1718300456.6470833, 45.62370777130127
1718300456.650305, 45.32113075256348
1718300456.6535282, 45.39064168930054
1718300456.6567569, 45.47241926193237
1718300456.6599908, 45.546019077301025
1718300456.6632047, 45.19437551498413
1718300456.6664476, 45.74228525161743
1718300456.6696973, 45.80361843109131
1718300456.6729236, 45.46833038330078
1718300456.676176, 45.6073522567749
1718300456.6794422, 46.07757329940796
1718300456.68271, 46.1552619934082
1718300456.6859853, 46.224772930145264
1718300456.689266, 46.3065505027771
1718300456.6925468, 46.37606143951416
1718300456.6958356, 46.5069055557251
1718300456.6991267, 46.5069055557251
1718300456.7024248, 46.6541051864624
1718300456.7057266, 46.752238273620605
1718300456.7090392, 46.85854911804199
1718300456.712351, 46.887171268463135
1718300456.7156708, 47.001659870147705
1718300456.7189736, 46.71134948730469
1718300456.7223284, 47.65588045120239
1718300456.7256625, 47.24290370941162
1718300456.7290022, 47.3533034324646
1718300456.7323465, 47.43916988372803
1718300456.7356732, 47.116148471832275
1718300456.739055, 48.09747934341431
1718300456.7423909, 47.28379249572754
1718300456.745732, 47.365570068359375
1718300456.7491045, 47.909390926361084
1718300456.752484, 47.9993462562561
1718300456.7558546, 47.68859148025513
1718300456.7592323, 47.774457931518555
1718300456.762626, 48.28147888183594
1718300456.7659998, 48.00752401351929
1718300456.7693827, 48.03205728530884
1718300456.7727928, 48.57996702194214
1718300456.776182, 48.187434673309326
1718300456.7795792, 48.32645654678345
1718300456.7829802, 48.412322998046875
1718300456.7863884, 48.502278327941895
1718300456.7898283, 49.03383255004883
1718300456.793269, 48.661744594573975
1718300456.796688, 48.74352216720581
1718300456.8001196, 48.90298843383789
1718300456.8035567, 49.005210399627686
1718300456.8069952, 49.070632457733154
1718300456.8104427, 49.164676666259766
1718300456.8138962, 49.299609661102295
1718300456.817375, 49.80663061141968
1718300456.8208632, 49.90067481994629
1718300456.8243353, 49.638986587524414
1718300456.827838, 50.096940994262695
1718300456.831323, 49.78209733963013
1718300456.8348117, 49.92111921310425
1718300456.8383052, 49.97427463531494
1718300456.8418276, 50.51809549331665
1718300456.8453596, 50.66120624542236
1718300456.8488936, 50.710272789001465
1718300456.8524141, 50.42405128479004
1718300456.8559406, 50.526273250579834
1718300456.8594708, 50.620317459106445
1718300456.8630073, 50.6939172744751
1718300456.8665516, 50.83702802658081
1718300456.8701, 50.935161113739014
1718300456.8736546, 51.008760929107666
1718300456.877214, 51.13551616668701
1718300456.8807895, 51.27453804016113
1718300456.8843439, 50.98831653594971
1718300456.887923, 51.47898197174072
1718300456.8915045, 51.507604122161865
1718300456.895216, 51.736581325531006
1718300456.8988233, 51.81835889816284
1718300456.902429, 51.941025257110596
1718300456.9060204, 51.63435935974121
1718300456.909638, 52.120935916900635
1718300456.913288, 52.623867988586426
1718300456.9169204, 52.37853527069092
1718300456.920597, 52.873289585113525
1718300456.9242187, 52.19862461090088
1718300456.9278471, 52.255868911743164
1718300456.9315062, 52.77515649795532
1718300456.9351969, 53.351688385009766
1718300456.938844, 52.619779109954834
1718300456.9424994, 52.75062322616577
1718300456.9462106, 53.72377634048462
1718300456.949879, 52.987778186798096
1718300456.9535534, 53.06137800216675
1718300456.957258, 53.61746549606323
1718300456.9609716, 53.760576248168945
1718300456.964671, 53.44982147216797
1718300456.9683712, 53.52751016616821
1718300456.9721043, 54.04679775238037
1718300456.975821, 53.80964279174805
1718300456.9795425, 53.85870933532715
1718300456.9832938, 54.45159673690796
1718300456.987057, 54.5824408531189
1718300456.9908016, 54.30030822753906
1718300456.99458, 54.85639572143555
1718300456.9983392, 54.54155206680298
1718300457.002129, 55.08537292480469
1718300457.0058994, 54.77052927017212
1718300457.009683, 54.921817779541016
1718300457.0134747, 55.02403974533081
1718300457.0172687, 55.126261711120605
1718300457.0210483, 54.89319562911987
1718300457.0248554, 55.38794994354248
1718300457.0286763, 55.56786060333252
1718300457.0325236, 56.07079267501831
1718300457.0363514, 55.7763934135437
1718300457.04019, 55.899059772491455
1718300457.0440133, 55.670082569122314
1718300457.047867, 56.193459033966064
1718300457.0517063, 55.9276819229126
1718300457.0555522, 56.033992767333984
1718300457.0594325, 56.52874708175659
1718300457.0633192, 56.70456886291504
1718300457.0671895, 56.41834735870361
1718300457.0710914, 56.98670148849487
1718300457.0749989, 57.07665681838989
1718300457.0789146, 57.215678691864014
1718300457.0828166, 56.990790367126465
1718300457.0867267, 57.09301233291626
1718300457.0906906, 57.649099826812744
1718300457.0946157, 57.3710560798645
1718300457.0985973, 58.40963125228882
1718300457.1025598, 58.02527666091919
1718300457.1065295, 58.21336507797241
1718300457.1105132, 58.3687424659729
1718300457.1145024, 58.446431159973145
1718300457.1184983, 58.585453033447266
1718300457.122527, 59.18242931365967
1718300457.1265423, 58.93709659576416
1718300457.1305685, 59.084296226501465
1718300457.1345997, 59.25194025039673
1718300457.138636, 59.35007333755493
1718300457.142683, 59.48500633239746
1718300457.1467395, 59.68945026397705
1718300457.1508029, 59.77940559387207
1718300457.1548765, 59.93069410324097
1718300457.158959, 60.09424924850464
1718300457.1630492, 60.225093364715576
1718300457.1671524, 60.425448417663574
1718300457.1712668, 60.52767038345337
1718300457.1754117, 61.1614465713501
1718300457.1795397, 60.834336280822754
1718300457.1836774, 61.038780212402344
1718300457.1878204, 61.177802085876465
1718300457.1919787, 61.34544610977173
1718300457.1961422, 61.48855686187744
1718300457.2003145, 61.631667613983154
1718300457.2044961, 61.79931163787842
1718300457.208686, 61.930155754089355
1718300457.2128873, 62.12642192840576
1718300457.2172484, 62.7070426940918
1718300457.2214751, 62.478065490722656
1718300457.225707, 62.66206502914429
1718300457.2299476, 62.76428699493408
1718300457.2343683, 62.91966438293457
1718300457.2386525, 63.569796085357666
1718300457.2429235, 63.2549524307251
1718300457.2472062, 63.47984075546265
1718300457.2514992, 63.655662536621094
1718300457.2558215, 64.19130563735962
1718300457.2601316, 63.98686170578003
1718300457.2644513, 64.06455039978027
1718300457.2687843, 64.35486078262329
1718300457.27315, 64.90685939788818
1718300457.2775218, 65.02543687820435
1718300457.2818801, 64.8496150970459
1718300457.2862697, 65.41796922683716
1718300457.2906706, 65.57743549346924
1718300457.2950573, 65.3484582901001
1718300457.2995043, 66.37067794799805
1718300457.303914, 65.6960129737854
1718300457.3083863, 66.7427659034729
1718300457.3128436, 66.62418842315674
1718300457.3173354, 67.05760955810547
1718300457.3217854, 66.39930009841919
1718300457.3262444, 66.56285524368286
1718300457.330715, 66.73458814620972
1718300457.335196, 66.94720983505249
1718300457.3396854, 67.11076498031616
1718300457.3441908, 67.31112003326416
1718300457.3487563, 68.37422847747803
1718300457.3532832, 67.69956350326538
1718300457.357822, 67.90400743484497
1718300457.362369, 68.06347370147705
1718300457.3669276, 68.27200651168823
1718300457.3714972, 68.45600605010986
1718300457.3761032, 69.09387111663818
1718300457.3806953, 68.81991624832153
1718300457.3852997, 69.0366268157959
1718300457.3899255, 69.22471523284912
1718300457.394575, 69.85849142074585
1718300457.399233, 69.96480226516724
1718300457.4038818, 69.80942487716675
1718300457.408539, 69.98933553695679
1718300457.413213, 70.18969058990479
1718300457.4178965, 70.38595676422119
1718300457.4225955, 70.65582275390625
1718300457.4273021, 70.80302238464355
1718300457.4320211, 70.98702192306519
1718300457.4367783, 71.65350914001465
1718300457.4415462, 71.86204195022583
1718300457.4463274, 72.06239700317383
1718300457.4510915, 71.82115316390991
1718300457.4558883, 72.41404056549072
1718300457.4606814, 72.28319644927979
1718300457.4655056, 72.81883955001831
1718300457.4703228, 72.671639919281
1718300457.4751508, 72.81883955001831
1718300457.479998, 73.04372787475586
1718300457.4848523, 73.23999404907227
1718300457.4897206, 73.49759340286255
1718300457.4946463, 74.52390193939209
1718300457.499537, 73.94737005233765
1718300457.5044367, 74.13954734802246
1718300457.5093517, 74.34399127960205
1718300457.5142837, 74.65065717697144
1718300457.5192237, 74.83056783676147
1718300457.5241983, 75.42754411697388
1718300457.5292149, 76.11856460571289
1718300457.5341957, 75.49296617507935
1718300457.539187, 75.68923234939575
1718300457.5441923, 75.92638731002808
1718300457.5492117, 76.13492012023926
1718300457.554244, 76.3638973236084
1718300457.5592895, 76.59696340560913
1718300457.5643456, 76.83002948760986
1718300457.569415, 77.05082893371582
1718300457.574497, 77.27571725845337
1718300457.5795708, 77.12851762771606
1718300457.5846825, 77.72140502929688
1718300457.589807, 77.97491550445557
1718300457.5949502, 78.19571495056152
1718300457.6001053, 78.44104766845703
1718300457.6052961, 79.11162376403809
1718300457.6105006, 79.30788993835449
1718300457.6156957, 79.14433479309082
1718300457.6209066, 79.43464517593384
1718300457.6261652, 80.12975454330444
1718300457.6314273, 80.32193183898926
1718300457.6366782, 80.13793230056763
1718300457.641945, 80.3996205329895
1718300457.6472266, 80.68993091583252
1718300457.652523, 80.91073036193848
1718300457.6578565, 81.58948421478271
1718300457.663158, 81.02930784225464
1718300457.6684983, 81.65490627288818
1718300457.673877, 82.35001564025879
1718300457.6792455, 82.18237161636353
1718300457.6846786, 83.25774669647217
1718300457.6901007, 83.07374715805054
1718300457.695493, 82.55854845046997
1718300457.7009323, 83.27410221099854
1718300457.7063572, 83.06965827941895
1718300457.7118168, 83.73205661773682
1718300457.717292, 83.99374485015869
1718300457.7227817, 84.22272205352783
1718300457.7283375, 85.3348970413208
1718300457.7338612, 84.79925394058228
1718300457.7394235, 85.44120788574219
1718300457.7449996, 85.7356071472168
1718300457.750617, 86.41027212142944
1718300457.7562013, 85.86645126342773
1718300457.7618012, 86.1853837966919
1718300457.7674222, 86.44298315048218
1718300457.773055, 86.69649362564087
1718300457.7787042, 86.95818185806274
1718300457.7844186, 88.0785346031189
1718300457.7901266, 87.95177936553955
1718300457.7958245, 87.73506879806519
1718300457.8015387, 88.07035684585571
1718300457.8073204, 89.26839828491211
1718300457.8130925, 89.06395435333252
1718300457.8188784, 89.30519819259644
1718300457.8246586, 89.23568725585938
1718300457.8304527, 89.42786455154419
1718300457.836264, 89.73861932754517
1718300457.842098, 90.12706279754639
1718300457.8479948, 91.15746021270752
1718300457.853885, 91.10021591186523
1718300457.8597696, 90.98981618881226
1718300457.8656666, 91.22697114944458
1718300457.8716314, 92.38412380218506
1718300457.8775885, 92.24101305007935
1718300457.8835406, 92.12243556976318
1718300457.8895123, 92.44545698165894
1718300457.895523, 93.16509962081909
1718300457.9015539, 93.5085654258728
1718300457.9075541, 92.98110008239746
1718300457.9135935, 93.66803169250488
1718300457.9196968, 94.78429555892944
1718300457.9258232, 95.1032280921936
1718300457.931916, 94.6043848991394
1718300457.9380298, 94.9069619178772
1718300457.9441862, 95.63887119293213
1718300457.9503562, 95.91282606124878
1718300457.9564943, 95.40989398956299
1718300457.9626749, 96.09273672103882
1718300457.9688563, 96.04367017745972
1718300457.9750538, 96.36669158935547
1718300457.9812663, 96.61611318588257
1718300457.9875774, 98.27210903167725
1718300457.9938335, 97.36846685409546
1718300458.0001078, 97.68331050872803
1718300458.0063832, 97.63015508651733
1718300458.0127237, 98.76686334609985
1718300458.0190828, 99.15530681610107
1718300458.0254798, 99.8381495475769
1718300458.0318758, 99.7931718826294
1718300458.03834, 100.9380578994751
1718300458.0448203, 101.24881267547607
1718300458.0512795, 100.85219144821167
1718300458.0577366, 100.6845474243164
1718300458.0642092, 101.06481313705444
1718300458.0707026, 101.42463445663452
1718300458.0772219, 101.76810026168823
1718300458.083735, 101.66587829589844
1718300458.0902667, 102.05432176589966
1718300458.0968428, 102.79031991958618
1718300458.1034105, 102.73716449737549
1718300458.1100981, 104.80613708496094
1718300458.1167328, 103.86160612106323
1718300458.1233916, 104.24187183380127
1718300458.1300972, 105.05555868148804
1718300458.1368222, 105.41129112243652
1718300458.1435695, 105.79564571380615
1718300458.1503344, 106.13502264022827
1718300458.1571238, 106.51528835296631
1718300458.163914, 106.47439956665039
1718300458.1706953, 106.39262199401855
1718300458.1775491, 107.59066343307495
1718300458.184402, 107.57021903991699
1718300458.1912754, 107.9668402671814
1718300458.1981962, 108.78052711486816
1718300458.2051136, 108.6660385131836
1718300458.2120233, 108.58426094055176
1718300458.218984, 109.42656993865967
1718300458.2259433, 109.45110321044922
1718300458.2329872, 110.3588342666626
1718300458.2400904, 111.84309720993042
1718300458.247143, 110.99669933319092
1718300458.2542138, 111.36469841003418
1718300458.261311, 111.76540851593018
1718300458.2684274, 112.1047854423523
1718300458.2755673, 112.54638433456421
1718300458.2827652, 113.31509351730347
1718300458.2899492, 113.31100463867188
1718300458.2971594, 113.71989250183105
1718300458.3044674, 115.40859937667847
1718300458.311747, 114.88522291183472
1718300458.3190515, 115.32682180404663
1718300458.3263788, 115.71935415267944
1718300458.333705, 115.72344303131104
1718300458.3410292, 115.72753190994263
1718300458.348377, 116.1405086517334
1718300458.3557737, 116.92148447036743
1718300458.3632016, 117.3344612121582
1718300458.370647, 117.75152683258057
1718300458.378113, 118.15632581710815
1718300458.3856354, 119.05996799468994
1718300458.3931284, 118.54476928710938
1718300458.4006708, 119.4320559501648
1718300458.408186, 118.99454593658447
1718300458.4157772, 120.25800943374634
1718300458.423368, 120.22120952606201
1718300458.4310102, 121.15756273269653
1718300458.4386747, 121.53782844543457
1718300458.4463658, 122.00804948806763
1718300458.454085, 122.46191501617432
1718300458.4617991, 122.42920398712158
1718300458.4695446, 122.8708028793335
1718300458.4774687, 123.29195737838745
1718300458.4852874, 124.15062189102173
1718300458.493133, 124.6167540550232
1718300458.501006, 125.0624418258667
1718300458.5088978, 125.05426406860352
1718300458.5168426, 126.35043859481812
1718300458.524817, 126.84110403060913
1718300458.5328164, 127.3072361946106
1718300458.540866, 128.16181182861328
1718300458.5488904, 127.73656845092773
1718300458.5569956, 129.07772064208984
1718300458.5650737, 128.66065502166748
1718300458.5731559, 128.66474390029907
1718300458.5812852, 129.51523065567017
1718300458.5894783, 130.46385049819946
1718300458.5976682, 130.50473928451538
1718300458.6058834, 130.9463381767273
1718300458.6141005, 131.03629350662231
1718300458.622375, 131.9440245628357
1718300458.630673, 132.36109018325806
1718300458.6390235, 133.25655460357666
1718300458.6473477, 132.8844666481018
1718300458.6557543, 134.26650762557983
1718300458.6641335, 133.84535312652588
1718300458.6725917, 135.14561653137207
1718300458.6810827, 135.61174869537354
1718300458.6896048, 136.1760139465332
1718300458.6981037, 135.7793927192688
1718300458.7066271, 136.27005815505981
1718300458.715258, 138.0650758743286
1718300458.723887, 138.0732536315918
1718300458.7325456, 138.60889673233032
1718300458.74126, 139.49618339538574
1718300458.749929, 138.73565196990967
1718300458.758649, 139.59840536117554
1718300458.7673986, 140.1708483695984
1718300458.7761772, 140.63289165496826
1718300458.7849672, 140.79644680023193
1718300458.793806, 141.6632890701294
1718300458.8027015, 142.62417554855347
1718300458.8116262, 143.12301874160767
1718300458.8205297, 142.77955293655396
1718300458.8295135, 144.16159391403198
1718300458.8385012, 144.19021606445312
1718300458.8475447, 145.12656927108765
1718300458.856618, 145.68265676498413
1718300458.86567, 145.33101320266724
1718300458.8747728, 146.23056650161743
1718300458.8839078, 146.76212072372437
1718300458.8930998, 147.747540473938
1718300458.9023292, 148.32407236099243
1718300458.9115617, 148.438560962677
1718300458.9208717, 149.7797131538391
1718300458.9301627, 149.41989183425903
1718300458.9394822, 149.94735717773438
1718300458.9488363, 150.51162242889404
1718300458.9582334, 151.05953216552734
1718300458.9676454, 151.54201984405518
1718300458.9771173, 152.55197286605835
1718300458.9866214, 153.08352708816528
1718300458.9961846, 154.10165786743164
1718300459.0057237, 153.73365879058838
1718300459.0152962, 154.26112413406372
1718300459.024935, 155.2179217338562
1718300459.0346262, 156.2687635421753
1718300459.0442753, 155.55729866027832
1718300459.0540104, 156.42822980880737
1718300459.0637197, 156.5631628036499
1718300459.073509, 157.96973705291748
1718300459.08337, 158.54626893997192
1718300459.0931993, 158.59942436218262
1718300459.103037, 158.83657932281494
1718300459.1129398, 159.77293252944946
1718300459.122918, 161.17132902145386
1718300459.132938, 161.6987943649292
1718300459.1429837, 162.32848167419434
1718300459.1530843, 163.26483488082886
1718300459.1631374, 162.4511480331421
1718300459.173277, 163.97629976272583
1718300459.1833975, 163.6491894721985
1718300459.1936848, 164.22981023788452
1718300459.203874, 164.75318670272827
1718300459.2140675, 164.86358642578125
1718300459.2243464, 166.3314938545227
1718300459.2346566, 166.85487031936646
1718300459.2449722, 166.97344779968262
1718300459.255321, 167.56224632263184
1718300459.2657523, 168.94428730010986
1718300459.2761662, 168.65806579589844
1718300459.2866373, 169.61077451705933
1718300459.2971702, 170.63708305358887
1718300459.3077087, 170.7720160484314
1718300459.318304, 171.75743579864502
1718300459.3288586, 171.0132598876953
1718300459.3394692, 172.0109462738037
1718300459.350161, 173.48294258117676
1718300459.360888, 174.0104079246521
1718300459.3716185, 174.61965084075928
1718300459.382389, 174.77502822875977
1718300459.3932173, 175.76453685760498
1718300459.4040291, 175.4987597465515
1718300459.4148717, 176.04258060455322
1718300459.4257755, 177.06480026245117
1718300459.4366863, 177.16293334960938
1718300459.447682, 178.66355180740356
1718300459.4587138, 179.240083694458
1718300459.469727, 178.97430658340454
1718300459.4808028, 179.98425960540771
1718300459.4919362, 180.97376823425293
1718300459.5031092, 181.62798881530762
1718300459.5142827, 181.69749975204468
1718300459.5254984, 182.39669799804688
1718300459.536745, 183.00185203552246
1718300459.5479527, 182.2903871536255
1718300459.5593219, 185.05446910858154
1718300459.5706775, 184.7764253616333
1718300459.5820923, 185.83135604858398
1718300459.5934896, 185.51242351531982
1718300459.6050043, 187.53232955932617
1718300459.6165173, 187.24201917648315
1718300459.6280608, 187.87579536437988
1718300459.639637, 188.49730491638184
1718300459.6512475, 189.13925886154175
1718300459.6628945, 189.7607684135437
1718300459.6745496, 189.9161458015442
1718300459.6863425, 192.27951765060425
1718300459.6980934, 191.56396389007568
1718300459.7098358, 191.44129753112793
1718300459.7216601, 192.8478717803955
1718300459.7334795, 192.67613887786865
1718300459.7454307, 195.0435996055603
1718300459.7573643, 194.7410225868225
1718300459.7693427, 195.47293186187744
1718300459.7814066, 196.48288488388062
1718300459.793473, 196.72821760177612
1718300459.8055367, 196.9367504119873
1718300459.8177185, 198.85852336883545
1718300459.8299356, 199.574077129364
1718300459.8421645, 199.74989891052246
1718300459.8544295, 200.39185285568237
1718300459.8667192, 200.6249189376831
1718300459.8790517, 201.30776166915894
1718300459.8914416, 202.33407020568848
1718300459.9038622, 203.03326845169067
1718300459.916298, 203.23362350463867
1718300459.9288177, 204.75468635559082
1718300459.9413576, 205.0572633743286
1718300459.9539053, 205.2576184272766
1718300459.9664931, 205.87503910064697
1718300459.979143, 206.9585919380188
1718300459.9918303, 207.68232345581055
1718300460.0045292, 207.83361196517944
1718300460.0172665, 208.52872133255005
1718300460.0300658, 209.6040964126587
1718300460.042933, 210.71627140045166
1718300460.0558124, 210.92889308929443
1718300460.0687048, 211.18240356445312
1718300460.081636, 211.82435750961304
1718300460.0946043, 212.43360042572021
1718300460.1076121, 213.10417652130127
1718300460.120688, 214.26132917404175
1718300460.1338222, 215.31217098236084
1718300460.1469953, 215.9827470779419
1718300460.1602342, 217.11536645889282
1718300460.1734629, 216.9313669204712
1718300460.186757, 218.05171966552734
1718300460.2000911, 218.70185136795044
1718300460.2134075, 218.46060752868652
1718300460.226793, 219.60958242416382
1718300460.2401912, 219.84264850616455
1718300460.2536516, 220.95073461532593
1718300460.2672029, 222.49224185943604
1718300460.2807744, 222.802996635437
1718300460.294438, 224.3077039718628
1718300460.3080559, 223.61668348312378
1718300460.3217156, 224.3567705154419
1718300460.3354142, 224.98236894607544
1718300460.3491747, 226.0945439338684
1718300460.36295, 226.31125450134277
1718300460.376819, 227.88138389587402
1718300460.3906476, 227.21080780029297
1718300460.404639, 230.0812005996704
1718300460.418572, 229.00173664093018
1718300460.4296253, 179.6367049217224
1718300460.4336398, 58.93300771713257
1718300460.4436202, 161.22039556503296
1718300460.4479036, 63.430774211883545
1718300460.457636, 156.98840618133545
1718300460.4621294, 67.13529825210571
1718300460.4717598, 155.24654388427734
1718300460.4763927, 69.54364776611328
1718300460.4858754, 152.5805950164795
1718300460.490699, 72.67981767654419
1718300460.500053, 150.4830002784729
1718300460.5050385, 75.57065486907959
1718300460.5142379, 147.86202907562256
1718300460.519442, 79.3038010597229
1718300460.5285413, 146.11607789993286
1718300460.533859, 81.18468523025513
1718300460.5428329, 143.97759437561035
1718300460.5483148, 84.07961130142212
1718300460.5571837, 142.1048879623413
1718300460.562812, 86.62289381027222
1718300460.5714927, 138.97689580917358
1718300460.5772943, 89.56279754638672
1718300460.585943, 138.38400840759277
1718300460.5918615, 91.57043695449829
1718300460.600381, 136.2332582473755
1718300460.6064658, 94.46945190429688
1718300460.6149054, 134.8348617553711
1718300460.6210318, 95.12367248535156
1718300460.6293952, 133.50597620010376
1718300460.6356375, 97.09451198577881
1718300460.6439202, 132.12802410125732
1718300460.6502888, 96.28491401672363
1718300460.6586533, 133.47735404968262
1718300460.6649563, 98.00633192062378
1718300460.6732543, 132.21797943115234
1718300460.6796854, 100.31245946884155
1718300460.6879175, 131.21211528778076
1718300460.6943674, 100.66410303115845
1718300460.7026653, 132.3406457901001
1718300460.709111, 100.61094760894775
1718300460.7174501, 133.09708833694458
1718300460.7239404, 101.34285688400269
1718300460.7321708, 131.21620416641235
1718300460.738784, 103.46907377243042
1718300460.7469807, 130.60696125030518
1718300460.753638, 104.05378341674805
1718300460.7618368, 130.688738822937
1718300460.7686017, 106.05733394622803
1718300460.776695, 128.8569211959839
1718300460.7835054, 106.88737630844116
1718300460.7915857, 128.6483883857727
1718300460.7984462, 107.70106315612793
1718300460.8065388, 128.86509895324707
1718300460.813445, 108.48612785339355
1718300460.8215575, 129.21265363693237
1718300460.8284316, 107.9177737236023
1718300460.836563, 129.48251962661743
1718300460.8434823, 108.73146057128906
1718300460.8516254, 129.7033190727234
1718300460.8585982, 109.56968069076538
1718300460.8667274, 129.47434186935425
1718300460.8737211, 110.02763509750366
1718300460.8818438, 129.4048309326172
1718300460.888852, 110.29750108718872
1718300460.8970027, 129.73603010177612
1718300460.9040244, 110.41198968887329
1718300460.9122753, 131.5474033355713
1718300460.9192407, 109.39794778823853
1718300460.9275289, 132.11166858673096
1718300460.9345665, 110.69821119308472
1718300460.9428606, 131.5882921218872
1718300460.9498754, 110.34247875213623
1718300460.9581685, 132.26295709609985
1718300460.9652226, 111.07438802719116
1718300460.973537, 132.66775608062744
1718300460.9805808, 110.82905530929565
1718300460.9889536, 133.5345983505249
1718300460.9960008, 110.94763278961182
1718300461.0044875, 134.96979475021362
1718300461.0116057, 109.44701433181763
1718300461.0200243, 132.96215534210205
1718300461.0272143, 112.73038387298584
1718300461.0355568, 132.5328230857849
1718300461.042784, 113.51953744888306
1718300461.051147, 132.97442197799683
1718300461.058393, 113.84255886077881
1718300461.0668464, 134.61815118789673
1718300461.0741596, 115.0446891784668
1718300461.082491, 132.45922327041626
1718300461.0898917, 116.45944118499756
1718300461.0981448, 131.17122650146484
1718300461.1056106, 117.69019365310669
1718300461.1138904, 131.53104782104492
1718300461.121475, 119.68965530395508
1718300461.1297512, 131.58011436462402
1718300461.1372974, 119.00681257247925
1718300461.1456, 132.0339798927307
1718300461.1531591, 119.25214529037476
1718300461.1614878, 132.40606784820557
1718300461.1690154, 118.76556873321533
1718300461.1773634, 132.86811113357544
1718300461.1849396, 119.46067810058594
1718300461.1933534, 133.97619724273682
1718300461.2008953, 118.97410154342651
1718300461.2093844, 135.21921634674072
1718300461.216914, 118.51205825805664
1718300461.2256286, 139.00960683822632
1718300461.2330594, 117.05641746520996
1718300461.2418659, 140.7105803489685
1718300461.25021, 132.79860019683838
1718300461.2530658, 38.59492540359497
1718300461.2599955, 108.49021673202515
1718300461.268185, 130.16127347946167
1718300461.2708492, 35.389244556427
1718300461.2735047, 35.148000717163086
1718300461.2761657, 35.2911114692688
1718300461.278837, 35.48328876495361
1718300461.2814932, 35.20524501800537
1718300461.2841868, 35.86355447769165
1718300461.2868917, 36.07208728790283
1718300461.2895808, 35.785865783691406
1718300461.2922833, 36.035287380218506
1718300461.295023, 36.648619174957275
1718300461.2977254, 35.986220836639404
1718300461.3004398, 36.20702028274536
1718300461.3031616, 36.36648654937744
1718300461.3058987, 36.60773038864136
1718300461.3086479, 36.79172992706299
1718300461.3113937, 36.55048608779907
1718300461.3141444, 36.79172992706299
1718300461.3169036, 37.012529373168945
1718300461.3196993, 37.6340389251709
1718300461.3224862, 37.43777275085449
1718300461.3252885, 37.674927711486816
1718300461.3281255, 38.2800817489624
1718300461.3309524, 38.15332651138306
1718300461.3338163, 38.79936933517456
1718300461.3366938, 38.98745775222778
1718300461.339587, 39.25323486328125
1718300461.3424919, 39.469945430755615
1718300461.3454115, 39.768433570861816
1718300461.348346, 40.017855167388916
1718300461.3513203, 40.651631355285645
1718300461.3543081, 40.95420837402344
1718300461.3573127, 41.20771884918213
1718300461.3603296, 41.44487380981445
1718300461.3633878, 42.12362766265869
1718300461.366538, 43.67331266403198
1718300461.373543, 109.75368022918701
1718300461.3769557, 47.978901863098145
1718300461.3848503, 125.07879734039307
1718300461.3880105, 43.91046762466431
1718300461.4010737, 213.71341943740845
1718300461.4141674, 214.2327070236206
1718300461.4273212, 214.7806167602539
1718300461.4406285, 217.88407564163208
1718300461.458205, 291.1486029624939
1718300461.4617405, 50.29729604721069
1718300461.4654098, 52.59115695953369
1718300461.4749653, 153.58237028121948
1718300461.478652, 52.79968976974487
1718300461.4822228, 50.894272327423096
1718300461.4858043, 51.11507177352905
1718300461.4894028, 51.33178234100342
1718300461.4930103, 51.5893816947937
1718300461.4967313, 53.49071025848389
1718300461.5064263, 155.90485334396362
1718300461.514504, 128.21496725082397
1718300461.5241494, 155.0625443458557
1718300461.532373, 130.70918321609497
1718300461.5418465, 152.13899612426758
1718300461.5502157, 133.17886590957642
1718300461.5596392, 151.3293981552124
1718300461.5680568, 134.06206369400024
1718300461.5774357, 150.52388906478882
1718300461.5848527, 116.8397068977356
1718300461.5922406, 116.30406379699707
1718300461.602772, 170.28135061264038
1718300461.610201, 117.05641746520996
1718300461.6205235, 166.7322039604187
1718300461.6281369, 120.24983167648315
1718300461.637876, 156.7676067352295
1718300461.6460757, 130.2389621734619
1718300461.6551852, 145.9402561187744
1718300461.6633556, 129.77691888809204
1718300461.6724954, 146.41047716140747
1718300461.6806178, 128.9550542831421
1718300461.684727, 60.05336046218872
1718300461.6889117, 61.42313480377197
1718300461.6930652, 60.674870014190674
1718300461.6972854, 62.07735538482666
1718300461.7022789, 75.34576654434204
1718300461.7071626, 73.46079349517822
1718300461.7113183, 60.88749170303345
1718300461.7155519, 62.22046613693237
1718300461.7205818, 75.90185403823853
1718300461.7254357, 72.89652824401855
1718300461.7297797, 64.22401666641235
1718300461.7339911, 61.86473369598389
1718300461.7389646, 74.90007877349854
1718300461.7429864, 58.66314172744751
1718300461.7482138, 79.33242321014404
1718300461.7523456, 60.50722599029541
1718300461.7565086, 61.03060245513916
1718300461.7615116, 75.34985542297363
1718300461.765735, 62.089622020721436
1718300461.769935, 61.7093563079834
1718300461.7742398, 63.496196269989014
1718300461.7799919, 88.26662302017212
1718300461.7875977, 120.0740098953247
1718300461.7927597, 78.18753719329834
1718300461.7985055, 88.18075656890869
1718300461.8054392, 108.60061645507812
1718300461.8113363, 90.78537225723267
1718300461.8163562, 75.8118987083435
1718300461.8232627, 108.1631064414978
1718300461.8292532, 92.42501258850098
1718300461.8349764, 87.86591291427612
1718300461.8418798, 108.10177326202393
1718300461.847908, 93.12012195587158
1718300461.8537247, 89.41150903701782
1718300461.8604994, 105.85697889328003
1718300461.8666506, 95.16047239303589
1718300461.8725295, 90.54003953933716
1718300461.879202, 103.94747257232666
1718300461.8854215, 96.35851383209229
1718300461.891329, 91.01026058197021
1718300461.8980136, 104.3236494064331
1718300461.9043038, 97.51157760620117
1718300461.9102283, 91.2637710571289
1718300461.9162369, 92.72350072860718
1718300461.9231992, 109.08310413360596
1718300461.9291658, 91.8648362159729
1718300461.935168, 92.58038997650146
1718300461.9415379, 98.86908531188965
1718300461.9481354, 102.83529758453369
1718300461.954159, 93.00154447555542
1718300461.9604733, 97.9449987411499
1718300461.967121, 103.6776065826416
1718300461.9732356, 94.57576274871826
1718300461.9795187, 97.4502444267273
1718300461.9862363, 104.89200353622437
1718300461.9924014, 95.37718296051025
1718300461.9986768, 97.26624488830566
1718300462.0053468, 104.04969453811646
1718300462.011578, 96.48526906967163
1718300462.0179832, 96.53433561325073
1718300462.0246196, 103.43636274337769
1718300462.0309832, 98.7464189529419
1718300462.037345, 98.79957437515259
1718300462.043932, 102.581787109375
1718300462.0503619, 99.95263814926147
1718300462.0567708, 99.51103925704956
1718300462.0632288, 100.41468143463135
1718300462.0697577, 101.6372561454773
1718300462.0761867, 99.90357160568237
1718300462.0826871, 101.16294622421265
1718300462.0892186, 101.71494483947754
1718300462.09569, 100.66819190979004
1718300462.1022637, 102.4795651435852
1718300462.1087742, 101.62498950958252
1718300462.1152601, 101.24063491821289
1718300462.1218328, 102.79849767684937
1718300462.1283174, 101.24881267547607
1718300462.134896, 102.83529758453369
1718300462.1414423, 102.32418775558472
1718300462.1479259, 101.25699043273926
1718300462.1545522, 103.71031761169434
1718300462.1610432, 101.42054557800293
1718300462.1674962, 100.82356929779053
1718300462.1743214, 107.1163535118103
1718300462.1807556, 100.4351258277893
1718300462.187287, 102.07067728042603
1718300462.193438, 95.54891586303711
1718300462.200459, 110.08487939834595
1718300462.2070928, 103.8288950920105
1718300462.2132134, 94.98873949050903
1718300462.2202086, 110.07670164108276
1718300462.2268682, 104.31138277053833
1718300462.2331293, 97.42980003356934
1718300462.240046, 108.63741636276245
1718300462.2467778, 105.55849075317383
1718300462.253012, 96.9514012336731
1718300462.2593389, 98.57877492904663
1718300462.2661195, 106.3721776008606
1718300462.2729425, 106.93644285202026
1718300462.2794049, 100.86445808410645
1718300462.2861154, 105.10871410369873
1718300462.2930562, 109.04630422592163
1718300462.2994888, 100.36561489105225
1718300462.3061256, 103.89022827148438
1718300462.312529, 99.91174936294556
1718300462.3196647, 112.41962909698486
1718300462.3262239, 102.51636505126953
1718300462.3327272, 101.57183408737183
1718300462.3393064, 102.89663076400757
1718300462.3458614, 102.46729850769043
1718300462.3529646, 111.90851926803589
1718300462.3596642, 104.99422550201416
1718300462.366115, 100.71316957473755
1718300462.3726633, 102.34054327011108
1718300462.37974, 111.47100925445557
1718300462.3859622, 96.77557945251465
1718300462.3923814, 100.1857042312622
1718300462.3994062, 110.39154529571533
1718300462.4061975, 106.53164386749268
1718300462.4128864, 104.83884811401367
1718300462.4197106, 107.15315341949463
1718300462.4265497, 107.36168622970581
1718300462.4333334, 106.42533302307129
1718300462.4402308, 107.9668402671814
1718300462.4469237, 104.83475923538208
1718300462.4538245, 108.46977233886719
1718300462.4607441, 108.7600827217102
1718300462.4675312, 106.48257732391357
1718300462.4745798, 110.98034381866455
1718300462.481448, 107.88506269454956
1718300462.4881794, 105.55440187454224
1718300462.4952781, 111.8022084236145
1718300462.5021434, 107.77057409286499
1718300462.5088973, 105.93466758728027
1718300462.5160944, 113.51544857025146
1718300462.523029, 108.98088216781616
1718300462.5298753, 107.4679970741272
1718300462.536924, 110.92718839645386
1718300462.5434985, 102.6840090751648
1718300462.5501447, 104.06605005264282
1718300462.5571692, 110.60007810592651
1718300462.5638342, 104.3727159500122
1718300462.5705023, 104.45040464401245
1718300462.5775301, 110.58372259140015
1718300462.5842357, 105.076003074646
1718300462.591585, 116.0873532295227
1718300462.597954, 99.28615093231201
1718300462.604981, 110.57963371276855
1718300462.6119316, 109.33661460876465
1718300462.618496, 102.67583131790161
1718300462.6255193, 110.5591893196106
1718300462.6325686, 110.97216606140137
1718300462.6396577, 111.61003112792969
1718300462.6467037, 110.93536615371704
1718300462.6537294, 110.57963371276855
1718300462.6608393, 112.0516300201416
1718300462.6678827, 110.86994409561157
1718300462.6746347, 105.75884580612183
1718300462.6814659, 107.17768669128418
1718300462.688554, 111.63047552108765
1718300462.6955066, 109.34070348739624
1718300462.7023602, 107.59884119033813
1718300462.709325, 109.44292545318604
1718300462.7163982, 111.18887662887573
1718300462.723547, 112.61589527130127
1718300462.7303433, 106.69111013412476
1718300462.737209, 107.79101848602295
1718300462.7443035, 111.79811954498291
1718300462.751149, 107.40666389465332
1718300462.7580101, 107.72559642791748
1718300462.7651815, 113.08611631393433
1718300462.7721713, 109.99492406845093
1718300462.7789762, 106.74017667770386
1718300462.7861485, 113.06158304214478
1718300462.793165, 110.40381193161011
1718300462.8000643, 108.42070579528809
1718300462.8071344, 111.33198738098145
1718300462.8141978, 111.2052321434021
1718300462.8212497, 111.02941036224365
1718300462.8281927, 109.14034843444824
1718300462.8355067, 115.5394434928894
1718300462.842407, 108.37163925170898
1718300462.8493478, 109.12399291992188
1718300462.8566093, 114.58264589309692
1718300462.863604, 110.0071907043457
1718300462.8705964, 109.97447967529297
1718300462.8778582, 114.65624570846558
1718300462.8849614, 111.7040753364563
1718300462.8918934, 108.77643823623657
1718300462.89918, 114.98744487762451
1718300462.9062603, 111.45056486129761
1718300462.9132605, 110.09305715560913
1718300462.9205434, 114.93428945541382
1718300462.9277265, 113.1965160369873
1718300462.9347765, 110.91083288192749
1718300462.9420326, 114.5458459854126
1718300462.949215, 113.22104930877686
1718300462.9562826, 111.2583875656128
1718300462.963766, 118.42210292816162
1718300462.9708748, 111.49554252624512
1718300462.9779127, 110.78407764434814
1718300462.985352, 117.65748262405396
1718300462.9925792, 114.06744718551636
1718300462.99974, 112.8980278968811
1718300463.0070271, 115.07331132888794
1718300463.0142553, 114.0470027923584
1718300463.0215662, 115.4453992843628
1718300463.0288498, 115.02015590667725
1718300463.0360544, 113.57678174972534
1718300463.0433626, 115.40859937667847
1718300463.0506768, 115.52308797836304
1718300463.0580516, 116.57392978668213
1718300463.0652864, 114.16149139404297
1718300463.0727477, 118.07863712310791
1718300463.080149, 117.00735092163086
1718300463.0872302, 111.5037202835083
1718300463.0947435, 118.90867948532104
1718300463.1021729, 117.5389051437378
1718300463.1093292, 112.82033920288086
1718300463.1168883, 119.7264552116394
1718300463.1242437, 116.23455286026001
1718300463.1314754, 114.11242485046387
1718300463.1390607, 120.17214298248291
1718300463.1463885, 115.76433181762695
1718300463.1537206, 115.83384275436401
1718300463.161281, 119.730544090271
1718300463.1685867, 115.34726619720459
1718300463.1759937, 117.06868410110474
1718300463.1835802, 120.16396522521973
1718300463.190911, 115.743887424469
1718300463.19832, 117.15863943099976
1718300463.2059858, 121.5214729309082
1718300463.2132611, 114.70940113067627
1718300463.2207496, 118.23810338973999
1718300463.2284465, 122.04484939575195
1718300463.2359061, 117.9845929145813
1718300463.2432306, 115.72344303131104
1718300463.2510037, 123.4146237373352
1718300463.2586133, 120.54423093795776
1718300463.2659895, 116.5861964225769
1718300463.2735422, 119.6324110031128
1718300463.281276, 122.70724773406982
1718300463.288706, 117.53072738647461
1718300463.2962596, 119.6283221244812
1718300463.304069, 124.00751113891602
1718300463.3114505, 116.63117408752441
1718300463.3190324, 120.13534307479858
1718300463.3266218, 120.21712064743042
1718300463.3341799, 119.67329978942871
1718300463.3419118, 122.70724773406982
1718300463.349506, 120.27027606964111
1718300463.3571641, 121.46422863006592
1718300463.3649735, 124.0156888961792
1718300463.3724136, 117.61659383773804
1718300463.3800294, 120.66280841827393
1718300463.3876169, 120.1762318611145
1718300463.395178, 119.78778839111328
1718300463.403031, 124.78848695755005
1718300463.4106133, 120.0780987739563
1718300463.418276, 121.48058414459229
1718300463.4262602, 126.90243721008301
1718300463.4337723, 118.91276836395264
1718300463.441613, 124.57995414733887
1718300463.449551, 126.19915008544922
1718300463.4571118, 119.74689960479736
1718300463.4650033, 125.4631519317627
1718300463.4727993, 123.77853393554688
1718300463.4804335, 121.03898525238037
1718300463.488155, 122.38831520080566
1718300463.4958868, 122.60502576828003
1718300463.5038488, 126.6039490699768
1718300463.511519, 121.64822816848755
1718300463.519311, 123.6149787902832
1718300463.5272243, 122.92395830154419
1718300463.5350676, 124.49817657470703
1718300463.543174, 129.05727624893188
1718300463.550999, 123.92573356628418
1718300463.5586762, 121.59916162490845
1718300463.56694, 131.76002502441406
1718300463.5748005, 124.9152421951294
1718300463.5823956, 120.29072046279907
1718300463.5906389, 131.42473697662354
1718300463.5972428, 101.50232315063477
1718300463.6062055, 143.7527060508728
1718300463.6145556, 133.2851767539978
1718300463.6211581, 103.29734086990356
1718300463.6300755, 142.98399686813354
1718300463.638506, 134.6876621246338
1718300463.6456876, 113.25784921646118
1718300463.6538036, 129.01229858398438
1718300463.6603093, 101.66996717453003
1718300463.670228, 160.198175907135
1718300463.6784732, 131.5351366996765
1718300463.6851797, 105.0719141960144
1718300463.6943307, 147.05243110656738
1718300463.7027307, 133.7390422821045
1718300463.7106688, 126.25230550765991
1718300463.718694, 127.71203517913818
1718300463.728917, 165.39922952651978
1718300463.7377603, 141.50382280349731
1718300463.7480347, 166.29469394683838
1718300463.75598, 126.3586163520813
1718300463.7642975, 132.69637823104858
1718300463.7726612, 133.49779844284058
1718300463.7816272, 143.78950595855713
1718300463.7901614, 136.46223545074463
1718300463.7985468, 133.86579751968384
1718300463.806925, 133.7308645248413
1718300463.8154228, 135.81210374832153
1718300463.824327, 142.76728630065918
1718300463.8330498, 139.70880508422852
1718300463.8414102, 133.42010974884033
1718300463.8503487, 143.42150688171387
1718300463.858776, 134.6304178237915
1718300463.8686502, 159.38448905944824
1718300463.8764892, 124.4613766670227
1718300463.885135, 138.35129737854004
1718300463.893977, 141.74915552139282
1718300463.9026718, 139.23449516296387
1718300463.9113038, 138.1182312965393
1718300463.9200313, 139.72516059875488
1718300463.9288535, 141.35253429412842
1718300463.9376502, 140.85369110107422
1718300463.946351, 139.22631740570068
1718300463.9551337, 140.7105803489685
1718300463.9635835, 134.97388362884521
1718300463.972187, 137.59485483169556
1718300463.981528, 150.27446746826172
1718300463.989585, 128.16181182861328
1718300463.9981945, 137.7297878265381
1718300464.0075061, 149.74291324615479
1718300464.0154865, 126.90243721008301
1718300464.0241733, 139.03005123138428
1718300464.0334988, 149.96371269226074
1718300464.0415397, 127.91647911071777
1718300464.050231, 139.1159176826477
1718300464.059053, 141.34435653686523
1718300464.0673013, 131.5474033355713
1718300464.075805, 135.8816146850586
1718300464.0847077, 142.74684190750122
1718300464.0935504, 141.62240028381348
1718300464.101551, 127.24181413650513
1718300464.110567, 144.63590383529663
1718300464.1198459, 149.21135902404785
1718300464.1278796, 127.83470153808594
1718300464.1370528, 147.36318588256836
1718300464.1462727, 148.16460609436035
1718300464.1543376, 128.33763360977173
1718300464.1635396, 147.86611795425415
1718300464.1728473, 149.64886903762817
1718300464.1810217, 130.2512288093567
1718300464.1901798, 147.0892310142517
1718300464.1991735, 144.31697130203247
1718300464.2076542, 135.49317121505737
1718300464.2170212, 150.74877738952637
1718300464.225553, 136.4213466644287
1718300464.2343898, 141.63466691970825
1718300464.2437725, 150.95731019973755
1718300464.2525845, 141.20124578475952
1718300464.2611256, 136.59716844558716
1718300464.270103, 144.01848316192627
1718300464.2788742, 140.4202699661255
1718300464.2876017, 139.8192048072815
1718300464.2964666, 142.10079908370972
1718300464.3053157, 141.8063998222351
1718300464.3141034, 140.77191352844238
1718300464.3232296, 146.5413212776184
1718300464.3324578, 148.31180572509766
1718300464.3408365, 133.80855321884155
1718300464.3500235, 147.42043018341064
1718300464.3598528, 158.67302417755127
1718300464.3681874, 132.8354001045227
1718300464.377288, 146.07518911361694
1718300464.3866494, 148.5857605934143
1718300464.3956282, 144.01439428329468
1718300464.4043803, 140.10542631149292
1718300464.4141338, 157.3686718940735
1718300464.4230936, 143.7036395072937
1718300464.4315171, 134.55272912979126
1718300464.4412842, 157.5567603111267
1718300464.450716, 151.8773078918457
1718300464.4591997, 135.5258822441101
1718300464.4684644, 148.96193742752075
1718300464.4785218, 162.55336999893188
1718300464.487036, 136.08605861663818
1718300464.4963105, 149.15002584457397
1718300464.5063827, 162.81096935272217
1718300464.5149515, 137.0265007019043
1718300464.523783, 141.556978225708
1718300464.53432, 170.8169937133789
1718300464.543101, 140.65333604812622
1718300464.5518148, 139.48800563812256
1718300464.561867, 162.45932579040527
1718300464.5712354, 150.7814884185791
1718300464.5799787, 140.02364873886108
1718300464.5901198, 163.97629976272583
1718300464.5995007, 151.01046562194824
1718300464.6082022, 139.28765058517456
1718300464.6180017, 158.1537365913391
1718300464.6278243, 158.51764678955078
1718300464.6366577, 141.57742261886597
1718300464.6464927, 158.705735206604
1718300464.656679, 164.695942401886
1718300464.6652472, 137.04285621643066
1718300464.6751246, 159.49079990386963
1718300464.6858923, 174.77093935012817
1718300464.693847, 126.39541625976562
1718300464.7033598, 153.1775712966919
1718300464.7135944, 165.56278467178345
1718300464.7225502, 143.64230632781982
1718300464.732076, 153.41472625732422
1718300464.742399, 167.07158088684082
1718300464.7515082, 146.36549949645996
1718300464.7610033, 152.7196168899536
1718300464.770641, 155.3610324859619
1718300464.7805042, 158.69755744934082
1718300464.7899117, 151.21082067489624
1718300464.7997098, 157.99018144607544
1718300464.8095608, 158.94289016723633
1718300464.8189473, 151.01046562194824
1718300464.8284073, 152.31072902679443
1718300464.8384366, 162.07497119903564
1718300464.8480368, 154.7149896621704
1718300464.8576074, 154.18752431869507
1718300464.8670106, 151.34984254837036
1718300464.8772287, 165.26838541030884
1718300464.8869808, 157.3155164718628
1718300464.8963618, 150.74877738952637
1718300464.905885, 153.34521532058716
1718300464.9163015, 168.46588850021362
1718300464.9263113, 161.6947054862976
1718300464.9352782, 143.8467502593994
1718300464.9448013, 153.35748195648193
1718300464.955278, 169.63121891021729
1718300464.9648838, 154.719078540802
1718300464.974411, 153.41472625732422
1718300464.9838293, 151.59517526626587
1718300464.9943614, 170.73521614074707
1718300465.0040207, 155.74947595596313
1718300465.0136025, 154.39605712890625
1718300465.0240936, 170.01148462295532
1718300465.0336316, 153.66414785385132
1718300465.043347, 156.69809579849243
1718300465.052907, 154.06076908111572
1718300465.0634525, 170.7638382911682
1718300465.0728734, 151.21082067489624
1718300465.0826743, 157.92884826660156
1718300465.0923574, 156.1665415763855
1718300465.1026762, 167.01433658599854
1718300465.1122549, 154.39196825027466
1718300465.1222236, 161.02821826934814
1718300465.132882, 172.869610786438
1718300465.1425188, 155.33649921417236
1718300465.1524959, 161.16315126419067
1718300465.1631155, 172.18267917633057
1718300465.1727865, 155.9620976448059
1718300465.182901, 163.50198984146118
1718300465.193527, 172.3217010498047
1718300465.202953, 151.69739723205566
1718300465.213357, 168.50268840789795
1718300465.2241213, 174.7014284133911
1718300465.2334034, 149.2358922958374
1718300465.2439187, 170.40810585021973
1718300465.2547967, 176.68044567108154
1718300465.2634637, 138.7233853340149
1718300465.272077, 137.79520988464355
1718300465.2854502, 219.4705605506897
1718300465.2940974, 138.29405307769775
1718300465.302786, 139.00142908096313
1718300465.316207, 220.23109197616577
1718300465.324833, 138.05689811706543
1718300465.3335996, 140.2158260345459
1718300465.3428683, 149.06007051467896
1718300465.3556788, 209.76765155792236
1718300465.364508, 141.38115644454956
1718300465.3734198, 142.94310808181763
1718300465.3822763, 141.97813272476196
1718300465.3910518, 140.6124472618103
1718300465.3995743, 136.23734712600708
1718300465.4083574, 140.72693586349487
1718300465.4172132, 141.92906618118286
1718300465.4306948, 221.3187336921692
1718300465.439791, 146.07110023498535
1718300465.4485424, 140.1708483695984
1718300465.45753, 144.16977167129517
1718300465.4665377, 144.58274841308594
1718300465.475174, 138.1672978401184
1718300465.4844546, 146.41865491867065
1718300465.4933686, 142.88586378097534
1718300465.5018187, 134.9820613861084
1718300465.5108182, 144.37830448150635
1718300465.5198085, 144.24337148666382
1718300465.5289884, 147.55127429962158
1718300465.5374563, 135.31734943389893
1718300465.5465708, 146.41047716140747
1718300465.5556507, 145.8421230316162
1718300465.564115, 135.26010513305664
1718300465.5731077, 144.28834915161133
1718300465.5822935, 147.61669635772705
1718300465.5915976, 149.60389137268066
1718300465.604834, 217.10718870162964
1718300465.6141217, 149.15820360183716
1718300465.6237054, 154.43285703659058
1718300465.6330938, 151.1249542236328
1718300465.6413238, 131.15895986557007
1718300465.650529, 148.00105094909668
1718300465.6598706, 150.26220083236694
1718300465.6681983, 132.89673328399658
1718300465.6775026, 149.67340230941772
1718300465.6868753, 150.8387327194214
1718300465.6951947, 132.77406692504883
1718300465.7046816, 152.78503894805908
1718300465.718461, 226.41756534576416
1718300465.7273662, 142.81635284423828
1718300465.7361956, 141.47928953170776
1718300465.745573, 150.91233253479004
1718300465.7544024, 141.52017831802368
1718300465.7633045, 142.7141308784485
1718300465.7733104, 161.67426109313965
1718300465.7818637, 136.768901348114
1718300465.7904177, 136.678946018219
1718300465.800224, 158.19462537765503
1718300465.8095763, 150.45437812805176
1718300465.819202, 155.19338846206665
1718300465.827611, 134.31557416915894
1718300465.8375604, 160.67657470703125
1718300465.847436, 159.44582223892212
1718300465.8573067, 159.37631130218506
1718300465.8671858, 159.4539999961853
1718300465.8771355, 160.69293022155762
1718300465.8852584, 129.37211990356445
1718300465.8951364, 159.42537784576416
1718300465.904947, 158.13738107681274
