1718297753.1778717, -208.38, -87.4, 402.04
1718297753.1856616, -353.74, 466.44, 572.24
1718297753.1934223, -353.74, 466.44, 572.24
1718297753.2011786, -353.74, 466.44, 572.24
1718297753.2089477, -353.74, 466.44, 572.24
1718297753.2166984, -353.74, 466.44, 572.24
1718297753.224445, -353.74, 466.44, 572.24
1718297753.2321894, -353.74, 466.44, 572.24
1718297753.239934, -353.74, 466.44, 572.24
1718297753.2477014, -350.98, 469.20000000000005, 447.12
1718297753.2554488, -350.98, 469.20000000000005, 447.12
1718297753.263198, -350.98, 469.20000000000005, 447.12
1718297753.2709417, -350.98, 469.20000000000005, 447.12
1718297753.278715, -350.98, 469.20000000000005, 447.12
1718297753.28647, -350.98, 469.20000000000005, 447.12
1718297753.2942176, -350.98, 469.20000000000005, 447.12
1718297753.3019688, -350.98, 469.20000000000005, 447.12
1718297753.3097134, -350.98, 469.20000000000005, 447.12
1718297753.3174572, -350.98, 469.20000000000005, 447.12
1718297753.325204, -350.98, 469.20000000000005, 447.12
1718297753.3329487, -350.98, 469.20000000000005, 447.12
1718297753.340693, -350.98, 469.20000000000005, 447.12
1718297753.348437, -350.98, 469.20000000000005, 447.12
1718297753.3562028, -350.98, 469.20000000000005, 447.12
1718297753.3639486, -350.98, 469.20000000000005, 447.12
1718297753.371691, -350.98, 469.20000000000005, 447.12
1718297753.3794339, -350.98, 469.20000000000005, 447.12
1718297753.3871787, -350.98, 469.20000000000005, 447.12
1718297753.3949487, -350.98, 469.20000000000005, 447.12
1718297753.402692, -350.98, 469.20000000000005, 447.12
1718297753.4104385, -350.98, 469.20000000000005, 447.12
1718297753.4181912, -350.98, 469.20000000000005, 447.12
1718297753.4259398, -350.98, 469.20000000000005, 447.12
1718297753.4336865, -350.98, 469.20000000000005, 447.12
1718297753.4414167, -350.98, 469.20000000000005, 447.12
1718297753.4491997, -350.98, 469.20000000000005, 447.12
1718297753.4569418, -350.98, 469.20000000000005, 447.12
1718297753.4646862, -350.98, 469.20000000000005, 447.12
1718297753.472431, -350.98, 469.20000000000005, 447.12
1718297753.480174, -350.98, 469.20000000000005, 447.12
1718297753.487916, -350.98, 469.20000000000005, 447.12
1718297753.4956574, -350.98, 469.20000000000005, 447.12
1718297753.5033915, -350.98, 469.20000000000005, 447.12
1718297753.5111346, -350.98, 469.20000000000005, 447.12
1718297753.518876, -352.82, 469.20000000000005, 385.48
1718297753.5266285, -352.82, 469.20000000000005, 385.48
1718297753.5343714, -352.82, 469.20000000000005, 385.48
1718297753.5421114, -352.82, 469.20000000000005, 385.48
1718297753.5498517, -352.82, 469.20000000000005, 385.48
1718297753.5576024, -352.82, 469.20000000000005, 385.48
1718297753.5653453, -352.82, 469.20000000000005, 385.48
1718297753.5730846, -352.82, 469.20000000000005, 385.48
1718297753.5808258, -354.66, 468.28000000000003, 379.04
1718297753.5885682, -354.66, 468.28000000000003, 379.04
1718297753.59631, -354.66, 468.28000000000003, 379.04
1718297753.6040642, -354.66, 468.28000000000003, 379.04
1718297753.6118045, -354.66, 468.28000000000003, 379.04
1718297753.6195433, -354.66, 468.28000000000003, 379.04
1718297753.627282, -354.66, 468.28000000000003, 379.04
1718297753.6350226, -354.66, 468.28000000000003, 379.04
1718297753.6427634, -354.66, 468.28000000000003, 379.04
1718297753.6505215, -357.42, 466.44, 382.72
1718297753.658261, -357.42, 466.44, 382.72
1718297753.6660006, -357.42, 466.44, 382.72
1718297753.6737378, -357.42, 466.44, 382.72
1718297753.6814911, -357.42, 466.44, 382.72
1718297753.6892307, -357.42, 466.44, 382.72
1718297753.6969693, -357.42, 466.44, 382.72
1718297753.7047079, -357.42, 466.44, 382.72
1718297753.7124496, -357.42, 466.44, 382.72
1718297753.7201934, -357.42, 466.44, 382.72
1718297753.7279356, -357.42, 466.44, 382.72
1718297753.7356749, -357.42, 466.44, 382.72
1718297753.7434125, -357.42, 466.44, 382.72
1718297753.7511497, -357.42, 466.44, 382.72
1718297753.7588878, -357.42, 466.44, 382.72
1718297753.766628, -357.42, 466.44, 382.72
1718297753.7743666, -357.42, 466.44, 382.72
1718297753.7821274, -357.42, 466.44, 382.72
1718297753.7898672, -357.42, 466.44, 382.72
1718297753.7976274, -357.42, 466.44, 382.72
1718297753.805369, -357.42, 466.44, 382.72
1718297753.8131075, -357.42, 466.44, 382.72
1718297753.820846, -357.42, 466.44, 382.72
1718297753.8285851, -357.42, 466.44, 382.72
1718297753.836325, -357.42, 466.44, 382.72
1718297753.8440654, -357.42, 466.44, 382.72
1718297753.8518047, -357.42, 466.44, 382.72
1718297753.8595428, -357.42, 466.44, 382.72
1718297753.8672802, -357.42, 466.44, 382.72
1718297753.8750162, -357.42, 466.44, 382.72
1718297753.8827796, -357.42, 466.44, 382.72
1718297753.8905241, -357.42, 466.44, 382.72
1718297753.8982651, -357.42, 466.44, 382.72
1718297753.906006, -357.42, 466.44, 382.72
1718297753.9137478, -360.18, 463.68, 362.48
1718297753.921489, -360.18, 463.68, 362.48
1718297753.9292321, -360.18, 463.68, 362.48
1718297753.9369724, -360.18, 463.68, 362.48
1718297753.9447124, -360.18, 463.68, 362.48
1718297753.9524553, -360.18, 463.68, 362.48
1718297753.9601934, -360.18, 463.68, 362.48
1718297753.9679327, -360.18, 463.68, 362.48
1718297753.975671, -360.18, 463.68, 362.48
1718297753.9834108, -362.02000000000004, 462.76000000000005, 426.88
1718297753.9911554, -362.02000000000004, 462.76000000000005, 426.88
1718297753.9988992, -362.02000000000004, 462.76000000000005, 426.88
1718297754.0066416, -362.02000000000004, 462.76000000000005, 426.88
1718297754.0143843, -362.02000000000004, 462.76000000000005, 426.88
1718297754.0221286, -362.02000000000004, 462.76000000000005, 426.88
1718297754.0298736, -362.02000000000004, 462.76000000000005, 426.88
1718297754.0376403, -362.02000000000004, 462.76000000000005, 426.88
1718297754.0453842, -363.86, 462.76000000000005, 319.24
1718297754.053126, -363.86, 462.76000000000005, 319.24
1718297754.0608816, -363.86, 462.76000000000005, 319.24
1718297754.0686235, -363.86, 462.76000000000005, 319.24
1718297754.076701, -363.86, 462.76000000000005, 319.24
1718297754.085011, -363.86, 462.76000000000005, 319.24
1718297754.093301, -363.86, 462.76000000000005, 319.24
1718297754.101734, -363.86, 462.76000000000005, 319.24
1718297754.1099155, -363.86, 462.76000000000005, 319.24
1718297754.118207, -364.78000000000003, 460.0, 379.96000000000004
1718297754.1264982, -364.78000000000003, 460.0, 379.96000000000004
1718297754.1348014, -364.78000000000003, 460.0, 379.96000000000004
1718297754.142958, -364.78000000000003, 460.0, 379.96000000000004
1718297754.1511104, -364.78000000000003, 460.0, 379.96000000000004
1718297754.1593878, -364.78000000000003, 460.0, 379.96000000000004
1718297754.1676886, -364.78000000000003, 460.0, 379.96000000000004
1718297754.1759844, -364.78000000000003, 460.0, 379.96000000000004
1718297754.1842763, -366.62, 460.0, 435.16
1718297754.192587, -366.62, 460.0, 435.16
1718297754.2008617, -366.62, 460.0, 435.16
1718297754.2091825, -366.62, 460.0, 435.16
1718297754.2174556, -366.62, 460.0, 435.16
1718297754.225655, -366.62, 460.0, 435.16
1718297754.233423, -366.62, 460.0, 435.16
1718297754.241179, -366.62, 460.0, 435.16
1718297754.2489252, -366.62, 460.0, 451.72
1718297754.2566674, -366.62, 460.0, 451.72
1718297754.2644136, -366.62, 460.0, 451.72
1718297754.2721593, -366.62, 460.0, 451.72
1718297754.279902, -366.62, 460.0, 451.72
1718297754.2876449, -366.62, 460.0, 451.72
1718297754.295388, -366.62, 460.0, 451.72
1718297754.3031318, -366.62, 460.0, 451.72
1718297754.310877, -366.62, 461.84000000000003, 374.44
1718297754.318624, -366.62, 461.84000000000003, 374.44
1718297754.3263695, -366.62, 461.84000000000003, 374.44
1718297754.3341157, -366.62, 461.84000000000003, 374.44
1718297754.341865, -366.62, 461.84000000000003, 374.44
1718297754.3496256, -366.62, 461.84000000000003, 374.44
1718297754.3573694, -366.62, 461.84000000000003, 374.44
1718297754.3651128, -366.62, 461.84000000000003, 374.44
1718297754.3728557, -366.62, 461.84000000000003, 374.44
1718297754.3805974, -366.62, 461.84000000000003, 374.44
1718297754.388339, -366.62, 461.84000000000003, 374.44
1718297754.3960817, -366.62, 461.84000000000003, 374.44
1718297754.4038217, -366.62, 461.84000000000003, 374.44
1718297754.4115644, -366.62, 461.84000000000003, 374.44
1718297754.4194949, -366.62, 461.84000000000003, 374.44
1718297754.4272444, -366.62, 461.84000000000003, 374.44
1718297754.4349937, -366.62, 461.84000000000003, 374.44
1718297754.4427502, -366.62, 461.84000000000003, 374.44
1718297754.4505112, -366.62, 461.84000000000003, 374.44
1718297754.4582543, -366.62, 461.84000000000003, 374.44
1718297754.4660025, -366.62, 461.84000000000003, 374.44
1718297754.4737494, -366.62, 461.84000000000003, 374.44
1718297754.4815042, -366.62, 461.84000000000003, 374.44
1718297754.489253, -366.62, 461.84000000000003, 374.44
1718297754.4969983, -366.62, 461.84000000000003, 374.44
1718297754.5047426, -366.62, 461.84000000000003, 374.44
1718297754.5124843, -366.62, 461.84000000000003, 374.44
1718297754.5202436, -366.62, 461.84000000000003, 374.44
1718297754.527999, -366.62, 461.84000000000003, 374.44
1718297754.535742, -366.62, 461.84000000000003, 374.44
1718297754.5434837, -366.62, 461.84000000000003, 374.44
1718297754.5512264, -366.62, 461.84000000000003, 374.44
1718297754.5589678, -366.62, 461.84000000000003, 374.44
1718297754.56671, -366.62, 461.84000000000003, 374.44
1718297754.5744503, -366.62, 461.84000000000003, 374.44
1718297754.5821943, -361.1, 480.24, 425.04
1718297754.589936, -361.1, 480.24, 425.04
1718297754.5976756, -361.1, 480.24, 425.04
1718297754.6054163, -361.1, 480.24, 425.04
1718297754.6131577, -361.1, 480.24, 425.04
1718297754.6208975, -361.1, 480.24, 425.04
1718297754.6286416, -361.1, 480.24, 425.04
1718297754.6363826, -361.1, 480.24, 425.04
1718297754.6441245, -363.86, 480.24, 399.28000000000003
1718297754.651867, -363.86, 480.24, 399.28000000000003
1718297754.6596098, -363.86, 480.24, 399.28000000000003
1718297754.6673887, -363.86, 480.24, 399.28000000000003
1718297754.6751318, -363.86, 480.24, 399.28000000000003
1718297754.6828704, -363.86, 480.24, 399.28000000000003
1718297754.690611, -363.86, 480.24, 399.28000000000003
1718297754.6983511, -363.86, 480.24, 399.28000000000003
1718297754.7060947, -363.86, 480.24, 399.28000000000003
1718297754.7138374, -367.54, 481.16, 394.68
1718297754.7215912, -367.54, 481.16, 394.68
1718297754.7293413, -367.54, 481.16, 394.68
1718297754.7370837, -367.54, 481.16, 394.68
1718297754.7448266, -367.54, 481.16, 394.68
1718297754.7525659, -367.54, 481.16, 394.68
1718297754.7603066, -367.54, 481.16, 394.68
1718297754.768046, -367.54, 481.16, 394.68
1718297754.7758024, -367.54, 481.16, 394.68
1718297754.783542, -367.54, 481.16, 394.68
1718297754.7912827, -367.54, 481.16, 394.68
1718297754.7990305, -367.54, 481.16, 394.68
1718297754.8067708, -367.54, 481.16, 394.68
1718297754.81451, -367.54, 481.16, 394.68
1718297754.8222501, -367.54, 481.16, 394.68
1718297754.8299928, -367.54, 481.16, 394.68
1718297754.8377345, -367.54, 481.16, 394.68
1718297754.8454733, -367.54, 481.16, 394.68
1718297754.853213, -367.54, 481.16, 394.68
1718297754.8609536, -367.54, 481.16, 394.68
1718297754.868701, -367.54, 481.16, 394.68
1718297754.8764412, -367.54, 481.16, 394.68
1718297754.8841805, -367.54, 481.16, 394.68
1718297754.8919184, -367.54, 481.16, 394.68
1718297754.8996618, -367.54, 481.16, 394.68
1718297754.907409, -367.54, 481.16, 394.68
1718297754.9151466, -367.54, 481.16, 394.68
1718297754.9228864, -367.54, 481.16, 394.68
1718297754.9306266, -367.54, 481.16, 394.68
1718297754.9383667, -367.54, 481.16, 394.68
1718297754.9461079, -367.54, 481.16, 394.68
1718297754.9538474, -367.54, 481.16, 394.68
1718297754.9616039, -367.54, 481.16, 394.68
1718297754.969347, -367.54, 481.16, 394.68
1718297754.9770885, -379.5, 476.56, 428.72
1718297754.9848428, -379.5, 476.56, 428.72
1718297754.9925828, -379.5, 476.56, 428.72
1718297755.000322, -379.5, 476.56, 428.72
1718297755.0080636, -379.5, 476.56, 428.72
1718297755.0158033, -379.5, 476.56, 428.72
1718297755.0235415, -379.5, 476.56, 428.72
1718297755.0312798, -379.5, 476.56, 428.72
1718297755.0390193, -379.5, 476.56, 428.72
1718297755.0467587, -387.78000000000003, 470.12, 357.88
1718297755.0545156, -387.78000000000003, 470.12, 357.88
1718297755.0622578, -387.78000000000003, 470.12, 357.88
1718297755.0699995, -387.78000000000003, 470.12, 357.88
1718297755.0777483, -387.78000000000003, 470.12, 357.88
1718297755.0854986, -387.78000000000003, 470.12, 357.88
1718297755.0932453, -387.78000000000003, 470.12, 357.88
1718297755.100991, -387.78000000000003, 470.12, 357.88
1718297755.1087356, -397.90000000000003, 457.24, 348.68
1718297755.1164792, -397.90000000000003, 457.24, 348.68
1718297755.124245, -397.90000000000003, 457.24, 348.68
1718297755.1319914, -397.90000000000003, 457.24, 348.68
1718297755.1397357, -397.90000000000003, 457.24, 348.68
1718297755.1474788, -397.90000000000003, 457.24, 348.68
1718297755.1552198, -397.90000000000003, 457.24, 348.68
1718297755.1629615, -397.90000000000003, 457.24, 348.68
1718297755.170702, -397.90000000000003, 457.24, 348.68
1718297755.1784413, -397.90000000000003, 457.24, 348.68
1718297755.1861813, -397.90000000000003, 457.24, 348.68
1718297755.1939213, -397.90000000000003, 457.24, 348.68
1718297755.2016666, -397.90000000000003, 457.24, 348.68
1718297755.2094102, -397.90000000000003, 457.24, 348.68
1718297755.2171528, -397.90000000000003, 457.24, 348.68
1718297755.224895, -397.90000000000003, 457.24, 348.68
1718297755.2326415, -397.90000000000003, 457.24, 348.68
1718297755.2403812, -397.90000000000003, 457.24, 348.68
1718297755.2481208, -397.90000000000003, 457.24, 348.68
1718297755.2558625, -397.90000000000003, 457.24, 348.68
1718297755.263607, -397.90000000000003, 457.24, 348.68
1718297755.2713497, -397.90000000000003, 457.24, 348.68
1718297755.2790911, -397.90000000000003, 457.24, 348.68
1718297755.2868335, -397.90000000000003, 457.24, 348.68
1718297755.294574, -397.90000000000003, 457.24, 348.68
1718297755.3023145, -397.90000000000003, 457.24, 348.68
1718297755.3100557, -397.90000000000003, 457.24, 348.68
1718297755.3177953, -397.90000000000003, 457.24, 348.68
1718297755.3255358, -397.90000000000003, 457.24, 348.68
1718297755.333287, -397.90000000000003, 457.24, 348.68
1718297755.3410263, -397.90000000000003, 457.24, 348.68
1718297755.3487682, -397.90000000000003, 457.24, 348.68
1718297755.356513, -397.90000000000003, 457.24, 348.68
1718297755.364256, -397.90000000000003, 457.24, 348.68
1718297755.3719978, -397.90000000000003, 457.24, 348.68
1718297755.3797417, -377.66, 462.76000000000005, 419.52000000000004
1718297755.3874872, -377.66, 462.76000000000005, 419.52000000000004
1718297755.39523, -377.66, 462.76000000000005, 419.52000000000004
1718297755.4029722, -377.66, 462.76000000000005, 419.52000000000004
1718297755.4107149, -377.66, 462.76000000000005, 419.52000000000004
1718297755.4184628, -377.66, 462.76000000000005, 419.52000000000004
1718297755.426206, -377.66, 462.76000000000005, 419.52000000000004
1718297755.4339564, -377.66, 462.76000000000005, 419.52000000000004
1718297755.4417005, -360.18, 483.92, 406.64000000000004
1718297755.449442, -360.18, 483.92, 406.64000000000004
1718297755.4571905, -360.18, 483.92, 406.64000000000004
1718297755.4649315, -360.18, 483.92, 406.64000000000004
1718297755.4726741, -360.18, 483.92, 406.64000000000004
1718297755.4804149, -360.18, 483.92, 406.64000000000004
1718297755.4881585, -360.18, 483.92, 406.64000000000004
1718297755.495903, -360.18, 483.92, 406.64000000000004
1718297755.5036461, -360.18, 483.92, 406.64000000000004
1718297755.5113873, -344.54, 505.08000000000004, 470.12
1718297755.519131, -344.54, 505.08000000000004, 470.12
1718297755.5268734, -344.54, 505.08000000000004, 470.12
1718297755.5346148, -344.54, 505.08000000000004, 470.12
1718297755.5423555, -344.54, 505.08000000000004, 470.12
1718297755.5500968, -344.54, 505.08000000000004, 470.12
1718297755.5578399, -344.54, 505.08000000000004, 470.12
1718297755.5655956, -344.54, 505.08000000000004, 470.12
1718297755.5733442, -344.54, 505.08000000000004, 470.12
1718297755.5810857, -344.54, 505.08000000000004, 470.12
1718297755.588829, -344.54, 505.08000000000004, 470.12
1718297755.5965707, -344.54, 505.08000000000004, 470.12
1718297755.6043136, -344.54, 505.08000000000004, 470.12
1718297755.6120608, -344.54, 505.08000000000004, 470.12
1718297755.619801, -344.54, 505.08000000000004, 470.12
1718297755.6275423, -344.54, 505.08000000000004, 470.12
1718297755.6354268, -344.54, 505.08000000000004, 470.12
1718297755.6431735, -344.54, 505.08000000000004, 470.12
1718297755.650917, -344.54, 505.08000000000004, 470.12
1718297755.658661, -344.54, 505.08000000000004, 470.12
1718297755.6664042, -344.54, 505.08000000000004, 470.12
1718297755.6741455, -344.54, 505.08000000000004, 470.12
1718297755.6823523, -344.54, 505.08000000000004, 470.12
1718297755.690542, -344.54, 505.08000000000004, 470.12
1718297755.6987154, -344.54, 505.08000000000004, 470.12
1718297755.7068927, -337.18, 521.64, 416.76
1718297755.7150764, -337.18, 521.64, 416.76
1718297755.7232263, -337.18, 521.64, 416.76
1718297755.7313757, -337.18, 521.64, 416.76
1718297755.7395444, -337.18, 521.64, 416.76
1718297755.747835, -337.18, 521.64, 416.76
1718297755.7559917, -337.18, 521.64, 416.76
1718297755.764029, -337.18, 521.64, 416.76
1718297755.7721722, -337.18, 521.64, 416.76
1718297755.7803257, -337.18, 521.64, 416.76
1718297755.7885122, -337.18, 521.64, 416.76
1718297755.7966576, -337.18, 521.64, 416.76
1718297755.8048031, -337.18, 521.64, 416.76
1718297755.8129632, -337.18, 521.64, 416.76
1718297755.8211064, -337.18, 521.64, 416.76
1718297755.8292441, -337.18, 521.64, 416.76
1718297755.8374083, -337.18, 521.64, 416.76
1718297755.8455744, -372.14000000000004, 492.20000000000005, 421.36
1718297755.8539, -372.14000000000004, 492.20000000000005, 421.36
1718297755.86206, -372.14000000000004, 492.20000000000005, 421.36
1718297755.8702247, -372.14000000000004, 492.20000000000005, 421.36
1718297755.8783712, -372.14000000000004, 492.20000000000005, 421.36
1718297755.8865168, -372.14000000000004, 492.20000000000005, 421.36
1718297755.894663, -372.14000000000004, 492.20000000000005, 421.36
1718297755.9028072, -372.14000000000004, 492.20000000000005, 421.36
1718297755.910982, -377.66, 483.0, 452.64000000000004
1718297755.9191334, -377.66, 483.0, 452.64000000000004
1718297755.9272857, -377.66, 483.0, 452.64000000000004
1718297755.9354346, -377.66, 483.0, 452.64000000000004
1718297755.943577, -377.66, 483.0, 452.64000000000004
1718297755.9517212, -377.66, 483.0, 452.64000000000004
1718297755.9599054, -377.66, 483.0, 452.64000000000004
1718297755.9680715, -377.66, 483.0, 452.64000000000004
1718297755.9762137, -377.66, 483.0, 452.64000000000004
1718297755.9843569, -377.66, 483.0, 452.64000000000004
1718297755.9925158, -377.66, 483.0, 452.64000000000004
1718297756.0006607, -377.66, 483.0, 452.64000000000004
1718297756.0088203, -377.66, 483.0, 452.64000000000004
1718297756.016966, -377.66, 483.0, 452.64000000000004
1718297756.0251114, -377.66, 483.0, 452.64000000000004
1718297756.0332599, -377.66, 483.0, 452.64000000000004
1718297756.0414076, -377.66, 483.0, 452.64000000000004
1718297756.0495617, -377.66, 483.0, 452.64000000000004
1718297756.0577385, -377.66, 483.0, 452.64000000000004
1718297756.0660372, -377.66, 483.0, 452.64000000000004
1718297756.074212, -377.66, 483.0, 452.64000000000004
1718297756.0823646, -377.66, 483.0, 452.64000000000004
1718297756.0905304, -377.66, 483.0, 452.64000000000004
1718297756.0986834, -377.66, 483.0, 452.64000000000004
1718297756.1067045, -350.06, 508.76000000000005, 443.44
1718297756.1150265, -350.06, 508.76000000000005, 443.44
1718297756.1233246, -350.06, 508.76000000000005, 443.44
1718297756.1316032, -350.06, 508.76000000000005, 443.44
1718297756.139879, -350.06, 508.76000000000005, 443.44
1718297756.1478133, -350.06, 508.76000000000005, 443.44
1718297756.1555736, -350.06, 508.76000000000005, 443.44
1718297756.1633294, -350.06, 508.76000000000005, 443.44
1718297756.1710768, -350.06, 508.76000000000005, 443.44
1718297756.1788218, -350.06, 508.76000000000005, 443.44
1718297756.1865652, -350.06, 508.76000000000005, 443.44
1718297756.194335, -350.06, 508.76000000000005, 443.44
1718297756.2020774, -350.06, 508.76000000000005, 443.44
1718297756.2098682, -350.06, 508.76000000000005, 443.44
1718297756.2176483, -350.06, 508.76000000000005, 443.44
1718297756.2253962, -350.06, 508.76000000000005, 443.44
1718297756.2331507, -350.06, 508.76000000000005, 443.44
1718297756.2408948, -350.06, 508.76000000000005, 443.44
1718297756.2486362, -350.06, 508.76000000000005, 443.44
1718297756.256381, -350.06, 508.76000000000005, 443.44
1718297756.2641218, -350.06, 508.76000000000005, 443.44
1718297756.271861, -350.06, 508.76000000000005, 443.44
1718297756.2796936, -350.06, 508.76000000000005, 443.44
1718297756.287446, -350.06, 508.76000000000005, 443.44
1718297756.295191, -350.06, 508.76000000000005, 443.44
1718297756.3029358, -350.06, 508.76000000000005, 443.44
1718297756.3106823, -350.06, 508.76000000000005, 443.44
1718297756.3184261, -350.06, 508.76000000000005, 443.44
1718297756.326169, -350.06, 508.76000000000005, 443.44
1718297756.3339112, -350.06, 508.76000000000005, 443.44
1718297756.3416536, -350.06, 508.76000000000005, 443.44
1718297756.3493948, -350.06, 508.76000000000005, 443.44
1718297756.357135, -350.06, 508.76000000000005, 443.44
1718297756.3648765, -350.06, 508.76000000000005, 443.44
1718297756.3726168, -386.86, 471.96000000000004, 421.36
1718297756.380363, -386.86, 471.96000000000004, 421.36
1718297756.3881054, -386.86, 471.96000000000004, 421.36
1718297756.395844, -386.86, 471.96000000000004, 421.36
1718297756.4035838, -386.86, 471.96000000000004, 421.36
1718297756.411323, -386.86, 471.96000000000004, 421.36
1718297756.4190612, -386.86, 471.96000000000004, 421.36
1718297756.4268005, -386.86, 471.96000000000004, 421.36
1718297756.4345405, -386.86, 471.96000000000004, 421.36
1718297756.442282, -389.62, 468.28000000000003, 355.12
1718297756.4500275, -389.62, 468.28000000000003, 355.12
1718297756.457772, -389.62, 468.28000000000003, 355.12
1718297756.4655135, -389.62, 468.28000000000003, 355.12
1718297756.473272, -389.62, 468.28000000000003, 355.12
1718297756.481012, -389.62, 468.28000000000003, 355.12
1718297756.4887543, -389.62, 468.28000000000003, 355.12
1718297756.4964967, -389.62, 468.28000000000003, 355.12
1718297756.5042827, -389.62, 468.28000000000003, 458.16
1718297756.5120158, -389.62, 468.28000000000003, 458.16
1718297756.519761, -389.62, 468.28000000000003, 458.16
1718297756.5275059, -389.62, 468.28000000000003, 458.16
1718297756.5352492, -389.62, 468.28000000000003, 458.16
1718297756.542992, -389.62, 468.28000000000003, 458.16
1718297756.550734, -389.62, 468.28000000000003, 458.16
1718297756.5584755, -389.62, 468.28000000000003, 458.16
1718297756.5662396, -389.62, 468.28000000000003, 458.16
1718297756.5739803, -389.62, 468.28000000000003, 458.16
1718297756.5817208, -389.62, 468.28000000000003, 458.16
1718297756.5894608, -389.62, 468.28000000000003, 458.16
1718297756.5972004, -389.62, 468.28000000000003, 458.16
1718297756.6049395, -389.62, 468.28000000000003, 458.16
1718297756.6126776, -389.62, 468.28000000000003, 458.16
1718297756.6204176, -389.62, 468.28000000000003, 458.16
1718297756.6281579, -389.62, 468.28000000000003, 458.16
1718297756.635897, -389.62, 468.28000000000003, 458.16
1718297756.6436465, -389.62, 468.28000000000003, 458.16
1718297756.6513855, -389.62, 468.28000000000003, 458.16
1718297756.6591313, -389.62, 468.28000000000003, 458.16
1718297756.6668766, -389.62, 468.28000000000003, 458.16
1718297756.6746166, -389.62, 468.28000000000003, 458.16
1718297756.6823573, -389.62, 468.28000000000003, 458.16
1718297756.6900952, -389.62, 468.28000000000003, 458.16
1718297756.6978345, -389.62, 468.28000000000003, 458.16
1718297756.7055962, -389.62, 468.28000000000003, 458.16
1718297756.713339, -389.62, 468.28000000000003, 458.16
1718297756.7210782, -389.62, 468.28000000000003, 458.16
1718297756.728818, -389.62, 468.28000000000003, 458.16
1718297756.7365558, -389.62, 468.28000000000003, 458.16
1718297756.744298, -389.62, 468.28000000000003, 458.16
1718297756.7520375, -389.62, 468.28000000000003, 458.16
1718297756.7597778, -389.62, 468.28000000000003, 458.16
1718297756.7675166, -389.62, 468.28000000000003, 458.16
1718297756.7752562, -389.62, 460.0, 410.32
1718297756.7829967, -389.62, 460.0, 410.32
1718297756.7907343, -389.62, 460.0, 410.32
1718297756.7984722, -389.62, 460.0, 410.32
1718297756.8062205, -389.62, 460.0, 410.32
1718297756.8139682, -389.62, 460.0, 410.32
1718297756.8217068, -389.62, 460.0, 410.32
1718297756.8296504, -389.62, 460.0, 410.32
1718297756.837393, -386.86, 465.52000000000004, 417.68
1718297756.8451645, -386.86, 465.52000000000004, 417.68
1718297756.852907, -386.86, 465.52000000000004, 417.68
1718297756.860649, -386.86, 465.52000000000004, 417.68
1718297756.8683891, -386.86, 465.52000000000004, 417.68
1718297756.876128, -386.86, 465.52000000000004, 417.68
1718297756.883894, -386.86, 465.52000000000004, 417.68
1718297756.891641, -386.86, 465.52000000000004, 417.68
1718297756.899386, -386.86, 465.52000000000004, 417.68
1718297756.907126, -383.18, 469.20000000000005, 473.8
1718297756.9148686, -383.18, 469.20000000000005, 473.8
1718297756.9226103, -383.18, 469.20000000000005, 473.8
1718297756.9303522, -383.18, 469.20000000000005, 473.8
1718297756.9381166, -383.18, 469.20000000000005, 473.8
1718297756.9458554, -383.18, 469.20000000000005, 473.8
1718297756.9536166, -383.18, 469.20000000000005, 473.8
1718297756.9613593, -383.18, 469.20000000000005, 473.8
1718297756.9691005, -375.82, 476.56, 435.16
1718297756.9768543, -375.82, 476.56, 435.16
1718297756.9845943, -375.82, 476.56, 435.16
1718297756.9923341, -375.82, 476.56, 435.16
1718297757.0000741, -375.82, 476.56, 435.16
1718297757.0078135, -375.82, 476.56, 435.16
1718297757.0155644, -375.82, 476.56, 435.16
1718297757.0233045, -375.82, 476.56, 435.16
1718297757.031044, -375.82, 476.56, 435.16
1718297757.0387836, -375.82, 476.56, 435.16
1718297757.046521, -375.82, 476.56, 435.16
1718297757.0542626, -375.82, 476.56, 435.16
1718297757.062007, -375.82, 476.56, 435.16
1718297757.0697563, -375.82, 476.56, 435.16
1718297757.0774996, -375.82, 476.56, 435.16
1718297757.0852413, -375.82, 476.56, 435.16
1718297757.0929945, -375.82, 476.56, 435.16
1718297757.1007366, -375.82, 476.56, 435.16
1718297757.1084774, -375.82, 476.56, 435.16
1718297757.1162379, -375.82, 476.56, 435.16
1718297757.1239765, -375.82, 476.56, 435.16
1718297757.1317172, -375.82, 476.56, 435.16
1718297757.1394572, -375.82, 476.56, 435.16
1718297757.1471982, -375.82, 476.56, 435.16
1718297757.1549385, -375.82, 476.56, 435.16
1718297757.1626766, -375.82, 476.56, 435.16
1718297757.1704345, -375.82, 476.56, 435.16
1718297757.178174, -375.82, 476.56, 435.16
1718297757.1859136, -375.82, 476.56, 435.16
1718297757.193655, -375.82, 476.56, 435.16
1718297757.2013948, -375.82, 476.56, 435.16
1718297757.209163, -375.82, 476.56, 435.16
1718297757.2169065, -375.82, 476.56, 435.16
1718297757.2246454, -375.82, 476.56, 435.16
1718297757.2323856, -375.82, 476.56, 435.16
1718297757.2401235, -382.26, 475.64000000000004, 413.08000000000004
1718297757.2478669, -382.26, 475.64000000000004, 413.08000000000004
1718297757.2556078, -382.26, 475.64000000000004, 413.08000000000004
1718297757.2633958, -382.26, 475.64000000000004, 413.08000000000004
1718297757.2712002, -382.26, 475.64000000000004, 413.08000000000004
1718297757.278952, -382.26, 475.64000000000004, 413.08000000000004
1718297757.2866962, -382.26, 475.64000000000004, 413.08000000000004
1718297757.2944388, -382.26, 475.64000000000004, 413.08000000000004
1718297757.3021886, -380.42, 477.48, 480.24
1718297757.3099377, -380.42, 477.48, 480.24
1718297757.3176792, -380.42, 477.48, 480.24
1718297757.325417, -380.42, 477.48, 480.24
1718297757.3331566, -380.42, 477.48, 480.24
1718297757.340895, -380.42, 477.48, 480.24
1718297757.3486328, -380.42, 477.48, 480.24
1718297757.356383, -380.42, 477.48, 480.24
1718297757.3641212, -380.42, 477.48, 480.24
1718297757.371858, -374.90000000000003, 483.0, 506.92
1718297757.3796015, -374.90000000000003, 483.0, 506.92
1718297757.3873453, -374.90000000000003, 483.0, 506.92
1718297757.3950856, -374.90000000000003, 483.0, 506.92
1718297757.4028246, -374.90000000000003, 483.0, 506.92
1718297757.4105644, -374.90000000000003, 483.0, 506.92
1718297757.4183035, -374.90000000000003, 483.0, 506.92
1718297757.4260478, -374.90000000000003, 483.0, 506.92
1718297757.4337888, -374.90000000000003, 483.0, 506.92
1718297757.441527, -374.90000000000003, 483.0, 506.92
1718297757.449266, -374.90000000000003, 483.0, 506.92
1718297757.4570265, -374.90000000000003, 483.0, 506.92
1718297757.4647658, -374.90000000000003, 483.0, 506.92
1718297757.4725044, -374.90000000000003, 483.0, 506.92
1718297757.4802384, -374.90000000000003, 483.0, 506.92
1718297757.4880047, -374.90000000000003, 483.0, 506.92
1718297757.4957528, -374.90000000000003, 483.0, 506.92
1718297757.5034974, -374.90000000000003, 483.0, 506.92
1718297757.5112395, -374.90000000000003, 483.0, 506.92
1718297757.51898, -374.90000000000003, 483.0, 506.92
1718297757.5267818, -374.90000000000003, 483.0, 506.92
1718297757.5345342, -374.90000000000003, 483.0, 506.92
1718297757.5423057, -374.90000000000003, 483.0, 506.92
1718297757.5500507, -374.90000000000003, 483.0, 506.92
1718297757.5577903, -374.90000000000003, 483.0, 506.92
1718297757.5655265, -374.90000000000003, 483.0, 506.92
1718297757.5732617, -374.90000000000003, 483.0, 506.92
1718297757.580998, -374.90000000000003, 483.0, 506.92
1718297757.5887325, -374.90000000000003, 483.0, 506.92
1718297757.5964658, -374.90000000000003, 483.0, 506.92
1718297757.6043117, -374.90000000000003, 483.0, 506.92
1718297757.6120827, -374.90000000000003, 483.0, 506.92
1718297757.6198418, -374.90000000000003, 483.0, 506.92
1718297757.6276312, -374.90000000000003, 483.0, 506.92
1718297757.635384, -374.90000000000003, 483.0, 506.92
1718297757.643133, -374.90000000000003, 483.0, 506.92
1718297757.6508806, -374.90000000000003, 483.0, 506.92
1718297757.658631, -374.90000000000003, 483.0, 506.92
1718297757.6663904, -374.90000000000003, 483.0, 506.92
1718297757.6741643, -374.90000000000003, 483.0, 506.92
1718297757.6819408, -374.90000000000003, 483.0, 506.92
1718297757.6896906, -374.90000000000003, 483.0, 506.92
1718297757.6974385, -374.90000000000003, 483.0, 506.92
1718297757.7051961, -354.66, 512.44, 539.12
1718297757.7129507, -354.66, 512.44, 539.12
1718297757.7206995, -354.66, 512.44, 539.12
1718297757.7284482, -354.66, 512.44, 539.12
1718297757.736196, -354.66, 512.44, 539.12
1718297757.7439427, -354.66, 512.44, 539.12
1718297757.7516885, -354.66, 512.44, 539.12
1718297757.7594347, -354.66, 512.44, 539.12
1718297757.767183, -350.06, 517.96, 438.84000000000003
1718297757.7749422, -350.06, 517.96, 438.84000000000003
1718297757.7826924, -350.06, 517.96, 438.84000000000003
1718297757.7904415, -350.06, 517.96, 438.84000000000003
1718297757.7982304, -350.06, 517.96, 438.84000000000003
1718297757.8059824, -350.06, 517.96, 438.84000000000003
1718297757.8137314, -350.06, 517.96, 438.84000000000003
1718297757.821477, -350.06, 517.96, 438.84000000000003
1718297757.8292334, -350.06, 517.96, 438.84000000000003
1718297757.8369818, -351.90000000000003, 520.72, 495.88
1718297757.844732, -351.90000000000003, 520.72, 495.88
1718297757.8524797, -351.90000000000003, 520.72, 495.88
1718297757.860245, -351.90000000000003, 520.72, 495.88
1718297757.8679914, -351.90000000000003, 520.72, 495.88
1718297757.8757396, -351.90000000000003, 520.72, 495.88
1718297757.8835185, -351.90000000000003, 520.72, 495.88
1718297757.8912659, -351.90000000000003, 520.72, 495.88
1718297757.899071, -351.90000000000003, 520.72, 495.88
1718297757.9068193, -351.90000000000003, 520.72, 495.88
1718297757.914566, -351.90000000000003, 520.72, 495.88
1718297757.922312, -351.90000000000003, 520.72, 495.88
1718297757.9300597, -351.90000000000003, 520.72, 495.88
1718297757.937808, -351.90000000000003, 520.72, 495.88
1718297757.945555, -351.90000000000003, 520.72, 495.88
1718297757.9533036, -351.90000000000003, 520.72, 495.88
1718297757.9610524, -351.90000000000003, 520.72, 495.88
1718297757.9688137, -351.90000000000003, 520.72, 495.88
1718297757.976563, -351.90000000000003, 520.72, 495.88
1718297757.9843135, -351.90000000000003, 520.72, 495.88
1718297757.9920611, -351.90000000000003, 520.72, 495.88
1718297757.9998093, -351.90000000000003, 520.72, 495.88
1718297758.0075552, -351.90000000000003, 520.72, 495.88
1718297758.015304, -351.90000000000003, 520.72, 495.88
1718297758.0232065, -351.90000000000003, 520.72, 495.88
1718297758.030957, -351.90000000000003, 520.72, 495.88
1718297758.0387526, -351.90000000000003, 520.72, 495.88
1718297758.0465117, -351.90000000000003, 520.72, 495.88
1718297758.0544803, -351.90000000000003, 520.72, 495.88
1718297758.062369, -351.90000000000003, 520.72, 495.88
1718297758.0701423, -351.90000000000003, 520.72, 495.88
1718297758.0779948, -351.90000000000003, 520.72, 495.88
1718297758.0857568, -351.90000000000003, 520.72, 495.88
1718297758.0936317, -351.90000000000003, 520.72, 495.88
1718297758.1014314, -351.90000000000003, 520.72, 495.88
1718297758.1091778, -351.90000000000003, 520.72, 495.88
1718297758.116916, -351.90000000000003, 520.72, 495.88
1718297758.124755, -351.90000000000003, 520.72, 495.88
1718297758.1325073, -351.90000000000003, 520.72, 495.88
1718297758.140673, -351.90000000000003, 520.72, 495.88
1718297758.14878, -351.90000000000003, 520.72, 495.88
1718297758.1569276, -351.90000000000003, 520.72, 495.88
1718297758.1651952, -351.90000000000003, 520.72, 495.88
1718297758.1732976, -351.90000000000003, 520.72, 495.88
1718297758.1814835, -351.90000000000003, 520.72, 495.88
1718297758.1896563, -351.90000000000003, 520.72, 495.88
1718297758.1977897, -351.90000000000003, 520.72, 495.88
1718297758.2058892, -351.90000000000003, 520.72, 495.88
1718297758.2139902, -351.90000000000003, 520.72, 495.88
1718297758.222091, -351.90000000000003, 520.72, 495.88
1718297758.2302191, -351.90000000000003, 520.72, 495.88
1718297758.2383218, -351.90000000000003, 520.72, 495.88
1718297758.2464478, -351.90000000000003, 520.72, 495.88
1718297758.2544603, -351.90000000000003, 520.72, 495.88
1718297758.262471, -351.90000000000003, 520.72, 495.88
1718297758.2704844, -351.90000000000003, 520.72, 495.88
1718297758.2784975, -351.90000000000003, 520.72, 495.88
1718297758.2865136, -351.90000000000003, 520.72, 495.88
1718297758.2947197, -351.90000000000003, 520.72, 495.88
1718297758.3027375, -406.18, 465.52000000000004, 449.88
1718297758.31076, -406.18, 465.52000000000004, 449.88
1718297758.318772, -406.18, 465.52000000000004, 449.88
1718297758.3268857, -406.18, 465.52000000000004, 449.88
1718297758.3349197, -406.18, 465.52000000000004, 449.88
1718297758.343125, -406.18, 465.52000000000004, 449.88
1718297758.3511448, -406.18, 465.52000000000004, 449.88
1718297758.359257, -406.18, 465.52000000000004, 449.88
1718297758.3674345, -406.18, 465.52000000000004, 449.88
1718297758.3755734, -406.18, 465.52000000000004, 449.88
1718297758.3836045, -406.18, 465.52000000000004, 449.88
1718297758.391648, -406.18, 465.52000000000004, 449.88
1718297758.3996658, -406.18, 465.52000000000004, 449.88
1718297758.4077196, -406.18, 465.52000000000004, 449.88
1718297758.4158356, -406.18, 465.52000000000004, 449.88
1718297758.4239624, -406.18, 465.52000000000004, 449.88
1718297758.432185, -422.74, 430.56, 428.72
1718297758.440405, -422.74, 430.56, 428.72
1718297758.4484398, -422.74, 430.56, 428.72
1718297758.4564793, -422.74, 430.56, 428.72
1718297758.4646533, -422.74, 430.56, 428.72
1718297758.4728405, -422.74, 430.56, 428.72
1718297758.4809752, -422.74, 430.56, 428.72
1718297758.4889872, -422.74, 430.56, 428.72
1718297758.4970021, -422.74, 430.56, 428.72
1718297758.505136, -422.74, 430.56, 428.72
1718297758.5131505, -422.74, 430.56, 428.72
1718297758.5211616, -422.74, 430.56, 428.72
1718297758.5291703, -422.74, 430.56, 428.72
1718297758.537514, -422.74, 430.56, 428.72
1718297758.5456417, -422.74, 430.56, 428.72
1718297758.553892, -422.74, 430.56, 428.72
1718297758.5619092, -422.74, 430.56, 428.72
1718297758.5700626, -433.78000000000003, 403.88, 385.48
1718297758.5781574, -433.78000000000003, 403.88, 385.48
1718297758.5861945, -433.78000000000003, 403.88, 385.48
1718297758.5942209, -433.78000000000003, 403.88, 385.48
1718297758.6024075, -433.78000000000003, 403.88, 385.48
1718297758.6104293, -433.78000000000003, 403.88, 385.48
1718297758.618443, -433.78000000000003, 403.88, 385.48
1718297758.6264637, -433.78000000000003, 403.88, 385.48
1718297758.6345897, -433.78000000000003, 403.88, 385.48
1718297758.6426291, -433.78000000000003, 403.88, 385.48
1718297758.6506414, -433.78000000000003, 403.88, 385.48
1718297758.6586869, -433.78000000000003, 403.88, 385.48
1718297758.6667035, -433.78000000000003, 403.88, 385.48
1718297758.674715, -433.78000000000003, 403.88, 385.48
1718297758.682734, -433.78000000000003, 403.88, 385.48
1718297758.6907458, -433.78000000000003, 403.88, 385.48
1718297758.698762, -436.54, 397.44, 426.88
1718297758.7068088, -436.54, 397.44, 426.88
1718297758.7150352, -436.54, 397.44, 426.88
1718297758.7230542, -436.54, 397.44, 426.88
1718297758.7311223, -436.54, 397.44, 426.88
1718297758.7391489, -436.54, 397.44, 426.88
1718297758.7471952, -436.54, 397.44, 426.88
1718297758.7552135, -436.54, 397.44, 426.88
1718297758.7632263, -436.54, 395.6, 399.28000000000003
1718297758.7714097, -438.38, 395.6, 399.28000000000003
1718297758.7795372, -438.38, 395.6, 399.28000000000003
1718297758.7875578, -438.38, 395.6, 399.28000000000003
1718297758.7957468, -438.38, 395.6, 399.28000000000003
1718297758.8039582, -438.38, 395.6, 399.28000000000003
1718297758.8121874, -438.38, 395.6, 399.28000000000003
1718297758.8202257, -438.38, 395.6, 399.28000000000003
1718297758.8282802, -438.38, 395.6, 399.28000000000003
1718297758.8363132, -438.38, 395.6, 399.28000000000003
1718297758.8443274, -438.38, 395.6, 399.28000000000003
1718297758.8523426, -438.38, 395.6, 399.28000000000003
1718297758.8606055, -438.38, 395.6, 399.28000000000003
1718297758.8687053, -438.38, 395.6, 399.28000000000003
1718297758.8767204, -438.38, 395.6, 399.28000000000003
1718297758.884733, -438.38, 395.6, 399.28000000000003
1718297758.8927734, -438.38, 395.6, 399.28000000000003
1718297758.9007952, -441.14000000000004, 387.32, 445.28000000000003
1718297758.9088147, -441.14000000000004, 387.32, 445.28000000000003
1718297758.9168572, -441.14000000000004, 387.32, 445.28000000000003
1718297758.9249034, -441.14000000000004, 387.32, 445.28000000000003
1718297758.9329226, -441.14000000000004, 387.32, 445.28000000000003
1718297758.9409392, -441.14000000000004, 387.32, 445.28000000000003
1718297758.9489803, -441.14000000000004, 387.32, 445.28000000000003
1718297758.9569912, -441.14000000000004, 387.32, 445.28000000000003
1718297758.965007, -441.14000000000004, 387.32, 445.28000000000003
1718297758.9730196, -441.14000000000004, 387.32, 445.28000000000003
1718297758.9810414, -441.14000000000004, 387.32, 445.28000000000003
1718297758.9890556, -441.14000000000004, 387.32, 445.28000000000003
1718297758.99735, -441.14000000000004, 387.32, 445.28000000000003
1718297759.0053685, -441.14000000000004, 387.32, 445.28000000000003
1718297759.0133853, -441.14000000000004, 387.32, 445.28000000000003
1718297759.021565, -441.14000000000004, 387.32, 445.28000000000003
1718297759.0296383, -439.3, 381.8, 417.68
1718297759.0376935, -439.3, 381.8, 417.68
1718297759.0457332, -439.3, 381.8, 417.68
1718297759.0537498, -439.3, 381.8, 417.68
1718297759.0617673, -439.3, 381.8, 417.68
1718297759.0697865, -439.3, 381.8, 417.68
1718297759.0778024, -439.3, 381.8, 417.68
1718297759.085821, -439.3, 381.8, 417.68
1718297759.0938497, -439.3, 381.8, 417.68
1718297759.1018662, -439.3, 381.8, 417.68
1718297759.1098986, -439.3, 381.8, 417.68
1718297759.1179144, -439.3, 381.8, 417.68
1718297759.1261208, -439.3, 381.8, 417.68
1718297759.1342485, -439.3, 381.8, 417.68
1718297759.142256, -439.3, 381.8, 417.68
1718297759.1502962, -439.3, 381.8, 417.68
1718297759.158458, -439.3, 381.8, 417.68
1718297759.166586, -438.38, 379.04, 467.36
1718297759.1746619, -438.38, 379.04, 467.36
1718297759.182673, -438.38, 379.04, 467.36
1718297759.1906905, -438.38, 379.04, 467.36
1718297759.198793, -438.38, 379.04, 467.36
1718297759.2068043, -438.38, 379.04, 467.36
1718297759.2150307, -438.38, 379.04, 467.36
1718297759.22315, -438.38, 379.04, 467.36
1718297759.2313182, -438.38, 379.04, 467.36
1718297759.2394953, -438.38, 379.04, 467.36
1718297759.247535, -438.38, 379.04, 467.36
1718297759.2555697, -438.38, 379.04, 467.36
1718297759.263579, -438.38, 379.04, 467.36
1718297759.2715924, -438.38, 379.04, 467.36
1718297759.2796082, -438.38, 379.04, 467.36
1718297759.2876208, -438.38, 379.04, 467.36
1718297759.295635, -439.3, 370.76, 425.96000000000004
1718297759.3036492, -439.3, 370.76, 425.96000000000004
1718297759.3116653, -439.3, 370.76, 425.96000000000004
1718297759.3199334, -439.3, 370.76, 425.96000000000004
1718297759.3279574, -439.3, 370.76, 425.96000000000004
1718297759.336018, -439.3, 370.76, 425.96000000000004
1718297759.3440423, -439.3, 370.76, 425.96000000000004
1718297759.352084, -439.3, 370.76, 425.96000000000004
1718297759.3601036, -439.3, 370.76, 425.96000000000004
1718297759.3682346, -439.3, 370.76, 425.96000000000004
1718297759.3763974, -439.3, 370.76, 425.96000000000004
1718297759.3844352, -439.3, 370.76, 425.96000000000004
1718297759.3925757, -439.3, 370.76, 425.96000000000004
1718297759.4005976, -439.3, 370.76, 425.96000000000004
1718297759.408738, -439.3, 370.76, 425.96000000000004
1718297759.4167507, -439.3, 370.76, 425.96000000000004
1718297759.4250815, -439.3, 370.76, 425.96000000000004
1718297759.4333284, -442.06, 364.32, 437.0
1718297759.4415255, -442.06, 364.32, 437.0
1718297759.4495683, -442.06, 364.32, 437.0
1718297759.457643, -442.06, 364.32, 437.0
1718297759.4656868, -442.06, 364.32, 437.0
1718297759.473728, -442.06, 364.32, 437.0
1718297759.4817467, -442.06, 364.32, 437.0
1718297759.48976, -442.06, 364.32, 437.0
1718297759.4977756, -442.06, 364.32, 437.0
1718297759.505784, -442.06, 364.32, 437.0
1718297759.5137901, -442.06, 364.32, 437.0
1718297759.521966, -442.06, 364.32, 437.0
1718297759.5299804, -442.06, 364.32, 437.0
1718297759.5379896, -442.06, 364.32, 437.0
1718297759.5459962, -442.06, 364.32, 437.0
1718297759.5540254, -442.06, 364.32, 437.0
1718297759.5620322, -439.3, 369.84000000000003, 454.48
1718297759.5701911, -439.3, 369.84000000000003, 454.48
1718297759.5782056, -439.3, 369.84000000000003, 454.48
1718297759.5862625, -439.3, 369.84000000000003, 454.48
1718297759.5943236, -439.3, 369.84000000000003, 454.48
1718297759.6023765, -439.3, 369.84000000000003, 454.48
1718297759.6103935, -439.3, 369.84000000000003, 454.48
1718297759.6184132, -439.3, 369.84000000000003, 454.48
1718297759.626675, -439.3, 369.84000000000003, 454.48
1718297759.6346915, -439.3, 369.84000000000003, 454.48
1718297759.6427062, -439.3, 369.84000000000003, 454.48
1718297759.6507232, -439.3, 369.84000000000003, 454.48
1718297759.6587384, -439.3, 369.84000000000003, 454.48
1718297759.6667542, -439.3, 369.84000000000003, 454.48
1718297759.6747706, -439.3, 369.84000000000003, 454.48
1718297759.6827815, -439.3, 369.84000000000003, 454.48
1718297759.6907961, -439.3, 369.84000000000003, 454.48
1718297759.6988096, -435.62, 376.28000000000003, 498.64000000000004
1718297759.7068267, -435.62, 376.28000000000003, 498.64000000000004
1718297759.7148423, -435.62, 376.28000000000003, 498.64000000000004
1718297759.7228584, -435.62, 376.28000000000003, 498.64000000000004
1718297759.7308755, -435.62, 376.28000000000003, 498.64000000000004
1718297759.7388902, -435.62, 376.28000000000003, 498.64000000000004
1718297759.7469132, -435.62, 376.28000000000003, 498.64000000000004
1718297759.7550013, -435.62, 376.28000000000003, 498.64000000000004
1718297759.7630227, -435.62, 376.28000000000003, 498.64000000000004
1718297759.7710407, -435.62, 376.28000000000003, 498.64000000000004
1718297759.779062, -435.62, 376.28000000000003, 498.64000000000004
1718297759.7871048, -435.62, 376.28000000000003, 498.64000000000004
1718297759.7951274, -435.62, 376.28000000000003, 498.64000000000004
1718297759.8031437, -435.62, 376.28000000000003, 498.64000000000004
1718297759.8111584, -435.62, 376.28000000000003, 498.64000000000004
1718297759.81917, -435.62, 376.28000000000003, 498.64000000000004
1718297759.8271809, -429.18, 386.40000000000003, 414.0
1718297759.835224, -429.18, 386.40000000000003, 414.0
1718297759.8432322, -429.18, 386.40000000000003, 414.0
1718297759.8512394, -429.18, 386.40000000000003, 414.0
1718297759.85927, -429.18, 386.40000000000003, 414.0
1718297759.8676322, -429.18, 386.40000000000003, 414.0
1718297759.875649, -429.18, 386.40000000000003, 414.0
1718297759.883663, -429.18, 386.40000000000003, 414.0
1718297759.8916762, -429.18, 386.40000000000003, 414.0
1718297759.8996844, -429.18, 386.40000000000003, 414.0
1718297759.9076896, -429.18, 386.40000000000003, 414.0
1718297759.9156942, -429.18, 386.40000000000003, 414.0
1718297759.9236987, -429.18, 386.40000000000003, 414.0
1718297759.9318511, -429.18, 386.40000000000003, 414.0
1718297759.93987, -429.18, 386.40000000000003, 414.0
1718297759.9478998, -429.18, 386.40000000000003, 414.0
1718297759.9559152, -429.18, 386.40000000000003, 414.0
1718297759.9639525, -424.58000000000004, 393.76, 380.88
1718297759.9719977, -424.58000000000004, 393.76, 380.88
1718297759.9800115, -424.58000000000004, 393.76, 380.88
1718297759.988021, -424.58000000000004, 393.76, 380.88
1718297759.99612, -424.58000000000004, 393.76, 380.88
1718297760.0041437, -424.58000000000004, 393.76, 380.88
1718297760.012328, -424.58000000000004, 393.76, 380.88
1718297760.0203495, -424.58000000000004, 393.76, 380.88
1718297760.0283654, -424.58000000000004, 393.76, 380.88
1718297760.0363746, -424.58000000000004, 393.76, 380.88
1718297760.044384, -424.58000000000004, 393.76, 380.88
1718297760.0523956, -424.58000000000004, 393.76, 380.88
1718297760.0604057, -424.58000000000004, 393.76, 380.88
1718297760.0684705, -424.58000000000004, 393.76, 380.88
1718297760.0768664, -424.58000000000004, 393.76, 380.88
1718297760.0848916, -424.58000000000004, 393.76, 380.88
1718297760.093297, -423.66, 391.92, 451.72
1718297760.1013134, -423.66, 391.92, 451.72
1718297760.109327, -423.66, 391.92, 451.72
1718297760.1173391, -423.66, 391.92, 451.72
1718297760.12535, -423.66, 391.92, 451.72
1718297760.1333597, -423.66, 391.92, 451.72
1718297760.141361, -423.66, 391.92, 451.72
1718297760.149364, -423.66, 391.92, 451.72
1718297760.1573675, -423.66, 391.92, 451.72
1718297760.1653714, -423.66, 391.92, 451.72
1718297760.1733727, -423.66, 391.92, 451.72
1718297760.1813753, -423.66, 391.92, 451.72
1718297760.1893783, -423.66, 391.92, 451.72
1718297760.197385, -423.66, 391.92, 451.72
1718297760.2053852, -423.66, 391.92, 451.72
1718297760.2137697, -423.66, 391.92, 451.72
1718297760.221814, -423.66, 391.92, 451.72
1718297760.2298641, -422.74, 393.76, 413.08000000000004
1718297760.2378788, -422.74, 393.76, 413.08000000000004
1718297760.2458918, -422.74, 393.76, 413.08000000000004
1718297760.2538998, -422.74, 393.76, 413.08000000000004
1718297760.2619057, -422.74, 393.76, 413.08000000000004
1718297760.269921, -422.74, 393.76, 413.08000000000004
1718297760.2779338, -422.74, 393.76, 413.08000000000004
1718297760.2859445, -422.74, 393.76, 413.08000000000004
1718297760.2939494, -422.74, 393.76, 413.08000000000004
1718297760.3019502, -422.74, 393.76, 413.08000000000004
1718297760.30995, -422.74, 393.76, 413.08000000000004
1718297760.3179524, -422.74, 393.76, 413.08000000000004
1718297760.325956, -422.74, 393.76, 413.08000000000004
1718297760.3339605, -422.74, 393.76, 413.08000000000004
1718297760.3419611, -422.74, 393.76, 413.08000000000004
1718297760.349963, -422.74, 393.76, 413.08000000000004
1718297760.3579862, -422.74, 389.16, 400.20000000000005
1718297760.3659928, -419.98, 389.16, 400.20000000000005
1718297760.3739924, -419.98, 389.16, 400.20000000000005
1718297760.3819964, -419.98, 389.16, 400.20000000000005
1718297760.3899908, -419.98, 389.16, 400.20000000000005
1718297760.3979912, -419.98, 389.16, 400.20000000000005
1718297760.4059887, -419.98, 389.16, 400.20000000000005
1718297760.4139943, -419.98, 389.16, 400.20000000000005
1718297760.4219947, -419.98, 389.16, 400.20000000000005
1718297760.4299936, -419.06, 387.32, 509.68
1718297760.4379919, -419.06, 387.32, 509.68
1718297760.4459896, -419.06, 387.32, 509.68
1718297760.4539845, -419.06, 387.32, 509.68
1718297760.4619787, -419.06, 387.32, 509.68
1718297760.4700065, -419.06, 387.32, 509.68
1718297760.4780014, -419.06, 387.32, 509.68
1718297760.4862256, -419.06, 387.32, 509.68
1718297760.4942434, -419.06, 387.32, 509.68
1718297760.50225, -419.06, 387.32, 509.68
1718297760.510254, -419.06, 387.32, 509.68
1718297760.5182667, -419.06, 387.32, 509.68
1718297760.52627, -419.06, 387.32, 509.68
1718297760.5342712, -419.06, 387.32, 509.68
1718297760.5422754, -419.06, 387.32, 509.68
1718297760.5502741, -419.06, 387.32, 509.68
1718297760.5582776, -413.54, 395.6, 443.44
1718297760.566282, -413.54, 395.6, 443.44
1718297760.5746634, -413.54, 395.6, 443.44
1718297760.5826724, -413.54, 395.6, 443.44
1718297760.5906782, -413.54, 395.6, 443.44
1718297760.59868, -413.54, 395.6, 443.44
1718297760.606672, -413.54, 395.6, 443.44
1718297760.6146977, -413.54, 395.6, 443.44
1718297760.622714, -413.54, 395.6, 443.44
1718297760.63072, -413.54, 395.6, 443.44
1718297760.6387212, -413.54, 395.6, 443.44
1718297760.6467266, -413.54, 395.6, 443.44
1718297760.6547294, -413.54, 395.6, 443.44
1718297760.6627347, -413.54, 395.6, 443.44
1718297760.6707392, -413.54, 395.6, 443.44
1718297760.678748, -413.54, 395.6, 443.44
1718297760.6867437, -413.54, 395.6, 443.44
1718297760.694741, -415.38, 397.44, 372.6
1718297760.7027462, -415.38, 397.44, 372.6
1718297760.7107446, -415.38, 397.44, 372.6
1718297760.7187448, -415.38, 397.44, 372.6
1718297760.7267444, -415.38, 397.44, 372.6
1718297760.7347503, -415.38, 397.44, 372.6
1718297760.7427537, -415.38, 397.44, 372.6
1718297760.750756, -415.38, 397.44, 372.6
1718297760.758757, -415.38, 397.44, 372.6
1718297760.7667577, -415.38, 397.44, 372.6
1718297760.77481, -415.38, 397.44, 372.6
1718297760.782811, -415.38, 397.44, 372.6
1718297760.7908134, -415.38, 397.44, 372.6
1718297760.7988112, -415.38, 397.44, 372.6
1718297760.806811, -415.38, 397.44, 372.6
1718297760.8148127, -415.38, 397.44, 372.6
1718297760.82281, -415.38, 397.44, 372.6
1718297760.8308117, -415.38, 397.44, 372.6
1718297760.8388119, -415.38, 397.44, 372.6
1718297760.8468108, -415.38, 397.44, 372.6
1718297760.8548086, -415.38, 397.44, 372.6
1718297760.8628094, -415.38, 397.44, 372.6
1718297760.8708096, -415.38, 397.44, 372.6
1718297760.8788326, -415.38, 397.44, 372.6
1718297760.88683, -415.38, 397.44, 372.6
1718297760.8948307, -418.14000000000004, 393.76, 407.56
1718297760.9028363, -418.14000000000004, 393.76, 407.56
1718297760.9108388, -418.14000000000004, 393.76, 407.56
1718297760.918839, -418.14000000000004, 393.76, 407.56
1718297760.9268398, -418.14000000000004, 393.76, 407.56
1718297760.934842, -418.14000000000004, 393.76, 407.56
1718297760.9428427, -418.14000000000004, 393.76, 407.56
1718297760.9508436, -418.14000000000004, 393.76, 407.56
1718297760.9588456, -418.14000000000004, 393.76, 407.56
1718297760.9668489, -418.14000000000004, 393.76, 407.56
1718297760.974853, -418.14000000000004, 393.76, 407.56
1718297760.982876, -418.14000000000004, 393.76, 407.56
1718297760.9908795, -418.14000000000004, 393.76, 407.56
1718297760.9988825, -418.14000000000004, 393.76, 407.56
1718297761.0086663, -418.14000000000004, 393.76, 407.56
1718297761.016907, -418.14000000000004, 393.76, 407.56
1718297761.0250845, -418.14000000000004, 393.76, 407.56
1718297761.0331628, -418.14000000000004, 393.76, 407.56
1718297761.041227, -418.14000000000004, 393.76, 407.56
1718297761.049291, -418.14000000000004, 393.76, 407.56
1718297761.0573497, -418.14000000000004, 393.76, 407.56
1718297761.065408, -418.14000000000004, 393.76, 407.56
1718297761.073468, -418.14000000000004, 393.76, 407.56
1718297761.0815275, -418.14000000000004, 393.76, 407.56
1718297761.0895517, -416.3, 398.36, 411.24
1718297761.0976439, -416.3, 398.36, 411.24
1718297761.1056888, -416.3, 398.36, 411.24
1718297761.1137226, -416.3, 398.36, 411.24
1718297761.121863, -416.3, 398.36, 411.24
1718297761.1298754, -416.3, 398.36, 411.24
1718297761.1378853, -416.3, 398.36, 411.24
1718297761.1458914, -416.3, 398.36, 411.24
1718297761.1538975, -416.3, 398.36, 411.24
1718297761.161901, -416.3, 398.36, 411.24
1718297761.1699061, -416.3, 398.36, 411.24
1718297761.1779144, -416.3, 398.36, 411.24
1718297761.1859438, -416.3, 398.36, 411.24
1718297761.1939523, -416.3, 398.36, 411.24
1718297761.2019541, -416.3, 398.36, 411.24
1718297761.2099543, -416.3, 398.36, 411.24
1718297761.2179554, -416.3, 398.36, 411.24
1718297761.2259562, -416.3, 398.36, 411.24
1718297761.2339547, -416.3, 398.36, 411.24
1718297761.2419524, -416.3, 398.36, 411.24
1718297761.2499518, -416.3, 398.36, 411.24
1718297761.2579558, -416.3, 398.36, 411.24
1718297761.2659578, -416.3, 398.36, 411.24
1718297761.2739553, -416.3, 398.36, 411.24
1718297761.2819605, -416.3, 398.36, 411.24
1718297761.289983, -416.3, 399.28000000000003, 448.04
1718297761.2979941, -416.3, 399.28000000000003, 448.04
1718297761.305996, -416.3, 399.28000000000003, 448.04
1718297761.3139987, -416.3, 399.28000000000003, 448.04
1718297761.3220036, -416.3, 399.28000000000003, 448.04
1718297761.3300214, -416.3, 399.28000000000003, 448.04
1718297761.338029, -416.3, 399.28000000000003, 448.04
1718297761.3460326, -416.3, 399.28000000000003, 448.04
1718297761.3540378, -416.3, 399.28000000000003, 448.04
1718297761.3620384, -416.3, 399.28000000000003, 448.04
1718297761.3700476, -416.3, 399.28000000000003, 448.04
1718297761.3780541, -416.3, 399.28000000000003, 448.04
1718297761.3860562, -416.3, 399.28000000000003, 448.04
1718297761.3940847, -416.3, 399.28000000000003, 448.04
1718297761.4020855, -416.3, 399.28000000000003, 448.04
1718297761.4100847, -416.3, 399.28000000000003, 448.04
1718297761.4180856, -416.3, 399.28000000000003, 448.04
1718297761.4260852, -422.74, 396.52000000000004, 446.20000000000005
1718297761.4342477, -422.74, 396.52000000000004, 446.20000000000005
1718297761.4424753, -422.74, 396.52000000000004, 446.20000000000005
1718297761.450682, -422.74, 396.52000000000004, 446.20000000000005
1718297761.458872, -422.74, 396.52000000000004, 446.20000000000005
1718297761.467062, -422.74, 396.52000000000004, 446.20000000000005
1718297761.4752498, -422.74, 396.52000000000004, 446.20000000000005
1718297761.4834452, -422.74, 396.52000000000004, 446.20000000000005
1718297761.4916604, -422.74, 396.52000000000004, 446.20000000000005
1718297761.4998522, -422.74, 396.52000000000004, 446.20000000000005
1718297761.5080402, -422.74, 396.52000000000004, 446.20000000000005
1718297761.5162342, -422.74, 396.52000000000004, 446.20000000000005
1718297761.5244231, -422.74, 396.52000000000004, 446.20000000000005
1718297761.5326478, -422.74, 396.52000000000004, 446.20000000000005
1718297761.540835, -422.74, 396.52000000000004, 446.20000000000005
1718297761.5490243, -422.74, 396.52000000000004, 446.20000000000005
1718297761.5572104, -422.74, 396.52000000000004, 446.20000000000005
1718297761.5653954, -422.74, 396.52000000000004, 446.20000000000005
1718297761.5736086, -422.74, 396.52000000000004, 446.20000000000005
1718297761.5818322, -422.74, 396.52000000000004, 446.20000000000005
1718297761.5900214, -422.74, 396.52000000000004, 446.20000000000005
1718297761.5982163, -422.74, 396.52000000000004, 446.20000000000005
1718297761.6064029, -422.74, 396.52000000000004, 446.20000000000005
1718297761.6146033, -422.74, 396.52000000000004, 446.20000000000005
1718297761.6227949, -431.02000000000004, 394.68, 435.16
1718297761.6309857, -431.02000000000004, 394.68, 435.16
1718297761.6391814, -431.02000000000004, 394.68, 435.16
1718297761.6473658, -431.02000000000004, 394.68, 435.16
1718297761.6555588, -431.02000000000004, 394.68, 435.16
1718297761.6637518, -431.02000000000004, 394.68, 435.16
1718297761.671942, -431.02000000000004, 394.68, 435.16
1718297761.6801317, -431.02000000000004, 394.68, 435.16
1718297761.688325, -436.54, 392.84000000000003, 474.72
1718297761.696552, -436.54, 392.84000000000003, 474.72
1718297761.7047389, -436.54, 392.84000000000003, 474.72
1718297761.712929, -436.54, 392.84000000000003, 474.72
1718297761.7211177, -436.54, 392.84000000000003, 474.72
1718297761.7293293, -436.54, 392.84000000000003, 474.72
1718297761.737519, -436.54, 392.84000000000003, 474.72
1718297761.745739, -436.54, 392.84000000000003, 474.72
1718297761.7539253, -439.3, 391.0, 534.52
1718297761.7621155, -439.3, 391.0, 534.52
1718297761.7703276, -439.3, 391.0, 534.52
1718297761.7785168, -439.3, 391.0, 534.52
1718297761.7867062, -439.3, 391.0, 534.52
1718297761.7948952, -439.3, 391.0, 534.52
1718297761.803083, -439.3, 391.0, 534.52
1718297761.8112774, -439.3, 391.0, 534.52
1718297761.8194609, -439.3, 391.0, 534.52
1718297761.827672, -439.3, 391.0, 534.52
1718297761.8358617, -439.3, 391.0, 534.52
1718297761.8440452, -439.3, 391.0, 534.52
1718297761.8522325, -439.3, 391.0, 534.52
1718297761.8604171, -439.3, 391.0, 534.52
1718297761.8686304, -439.3, 391.0, 534.52
1718297761.876817, -439.3, 391.0, 534.52
1718297761.8852494, -439.3, 391.0, 534.52
1718297761.8934338, -439.3, 391.0, 534.52
1718297761.9016693, -439.3, 391.0, 534.52
1718297761.9098783, -439.3, 391.0, 534.52
1718297761.918064, -439.3, 391.0, 534.52
1718297761.9262512, -439.3, 391.0, 534.52
1718297761.9344344, -439.3, 391.0, 534.52
1718297761.942621, -439.3, 391.0, 534.52
1718297761.9508033, -439.3, 391.0, 534.52
1718297761.95899, -445.74, 387.32, 464.6
1718297761.9671774, -445.74, 387.32, 464.6
1718297761.9753623, -445.74, 387.32, 464.6
1718297761.9835494, -445.74, 387.32, 464.6
1718297761.9917347, -445.74, 387.32, 464.6
1718297761.999944, -445.74, 387.32, 464.6
1718297762.0081315, -445.74, 387.32, 464.6
1718297762.0163221, -445.74, 387.32, 464.6
1718297762.024501, -446.66, 385.48, 405.72
1718297762.0326846, -446.66, 385.48, 405.72
1718297762.0408647, -446.66, 385.48, 405.72
1718297762.0490477, -446.66, 385.48, 405.72
1718297762.0573184, -446.66, 385.48, 405.72
1718297762.0655136, -446.66, 385.48, 405.72
1718297762.0737476, -446.66, 385.48, 405.72
1718297762.0819373, -446.66, 385.48, 405.72
1718297762.0901296, -446.66, 385.48, 405.72
1718297762.0983186, -446.66, 385.48, 405.72
1718297762.10653, -446.66, 385.48, 405.72
1718297762.1147308, -446.66, 385.48, 405.72
1718297762.1229181, -446.66, 385.48, 405.72
1718297762.1311066, -446.66, 385.48, 405.72
1718297762.1393046, -446.66, 385.48, 405.72
1718297762.147488, -446.66, 385.48, 405.72
1718297762.155676, -446.66, 385.48, 405.72
1718297762.163862, -446.66, 385.48, 405.72
1718297762.1720498, -446.66, 385.48, 405.72
1718297762.1802378, -446.66, 385.48, 405.72
1718297762.1884234, -446.66, 385.48, 405.72
1718297762.196636, -446.66, 385.48, 405.72
1718297762.204826, -446.66, 385.48, 405.72
1718297762.2130132, -446.66, 385.48, 405.72
1718297762.2212014, -446.66, 385.48, 405.72
1718297762.229387, -446.66, 385.48, 405.72
1718297762.2375739, -446.66, 385.48, 405.72
1718297762.2457728, -446.66, 385.48, 405.72
1718297762.2538123, -446.66, 385.48, 405.72
1718297762.261826, -446.66, 385.48, 405.72
1718297762.2698343, -446.66, 385.48, 405.72
1718297762.2778409, -446.66, 385.48, 405.72
1718297762.285977, -442.98, 402.04, 465.52000000000004
1718297762.2940097, -442.98, 402.04, 465.52000000000004
1718297762.3020227, -442.98, 402.04, 465.52000000000004
1718297762.3100314, -442.98, 402.04, 465.52000000000004
1718297762.3180468, -442.98, 402.04, 465.52000000000004
1718297762.326054, -442.98, 402.04, 465.52000000000004
1718297762.3341172, -442.98, 402.04, 465.52000000000004
1718297762.342134, -442.98, 402.04, 465.52000000000004
1718297762.350143, -442.98, 402.04, 465.52000000000004
1718297762.3581834, -442.98, 402.04, 465.52000000000004
1718297762.366189, -442.98, 402.04, 465.52000000000004
1718297762.37419, -442.98, 402.04, 465.52000000000004
1718297762.3821943, -442.98, 402.04, 465.52000000000004
1718297762.3901927, -442.98, 402.04, 465.52000000000004
1718297762.3982058, -442.98, 402.04, 465.52000000000004
1718297762.4062462, -442.98, 402.04, 465.52000000000004
1718297762.414264, -442.98, 402.04, 465.52000000000004
1718297762.422266, -428.26, 442.52000000000004, 466.44
1718297762.4302728, -428.26, 442.52000000000004, 466.44
1718297762.438278, -428.26, 442.52000000000004, 466.44
1718297762.4462795, -428.26, 442.52000000000004, 466.44
1718297762.4542856, -428.26, 442.52000000000004, 466.44
1718297762.4622867, -428.26, 442.52000000000004, 466.44
1718297762.4702892, -428.26, 442.52000000000004, 466.44
1718297762.478293, -428.26, 442.52000000000004, 466.44
1718297762.486299, -412.62, 471.04, 449.88
1718297762.4943008, -412.62, 471.04, 449.88
1718297762.5023055, -412.62, 471.04, 449.88
1718297762.5103333, -412.62, 471.04, 449.88
1718297762.5183349, -412.62, 471.04, 449.88
1718297762.5263329, -412.62, 471.04, 449.88
1718297762.5343313, -412.62, 471.04, 449.88
1718297762.542332, -412.62, 471.04, 449.88
1718297762.550334, -412.62, 471.04, 449.88
1718297762.5583334, -412.62, 471.04, 449.88
1718297762.5663323, -412.62, 471.04, 449.88
1718297762.5743287, -412.62, 471.04, 449.88
1718297762.5823288, -412.62, 471.04, 449.88
1718297762.5903275, -412.62, 471.04, 449.88
1718297762.5983303, -412.62, 471.04, 449.88
1718297762.6063385, -412.62, 471.04, 449.88
1718297762.6143703, -412.62, 471.04, 449.88
1718297762.6223762, -368.46000000000004, 529.0, 347.76
1718297762.6303906, -368.46000000000004, 529.0, 347.76
1718297762.6383965, -368.46000000000004, 529.0, 347.76
1718297762.6463976, -368.46000000000004, 529.0, 347.76
1718297762.6543953, -368.46000000000004, 529.0, 347.76
1718297762.6624205, -368.46000000000004, 529.0, 347.76
1718297762.670426, -368.46000000000004, 529.0, 347.76
1718297762.6784353, -368.46000000000004, 529.0, 347.76
1718297762.6864405, -368.46000000000004, 529.0, 347.76
1718297762.694445, -368.46000000000004, 529.0, 347.76
1718297762.702448, -368.46000000000004, 529.0, 347.76
1718297762.710446, -368.46000000000004, 529.0, 347.76
1718297762.7184668, -368.46000000000004, 529.0, 347.76
1718297762.7264721, -368.46000000000004, 529.0, 347.76