1718297856.853266, -346.38, 429.64000000000004, 548.32
1718297856.8610547, -346.38, 429.64000000000004, 548.32
1718297856.8688288, -348.22, 430.56, 491.28000000000003
1718297856.876589, -348.22, 430.56, 491.28000000000003
1718297856.8843443, -348.22, 430.56, 491.28000000000003
1718297856.8920946, -348.22, 430.56, 491.28000000000003
1718297856.8998446, -348.22, 430.56, 491.28000000000003
1718297856.907593, -348.22, 430.56, 491.28000000000003
1718297856.9153416, -348.22, 430.56, 491.28000000000003
1718297856.9230902, -348.22, 430.56, 491.28000000000003
1718297856.9308462, -348.22, 429.64000000000004, 454.48
1718297856.9385955, -351.90000000000003, 429.64000000000004, 454.48
1718297856.9463494, -351.90000000000003, 429.64000000000004, 454.48
1718297856.9540963, -351.90000000000003, 429.64000000000004, 454.48
1718297856.9618428, -351.90000000000003, 429.64000000000004, 454.48
1718297856.9696043, -351.90000000000003, 429.64000000000004, 454.48
1718297856.977354, -351.90000000000003, 429.64000000000004, 454.48
1718297856.9851477, -351.90000000000003, 429.64000000000004, 454.48
1718297856.9928975, -351.90000000000003, 429.64000000000004, 454.48
1718297857.0006442, -351.90000000000003, 429.64000000000004, 454.48
1718297857.00839, -351.90000000000003, 429.64000000000004, 454.48
1718297857.0161424, -351.90000000000003, 429.64000000000004, 454.48
1718297857.0238867, -351.90000000000003, 429.64000000000004, 454.48
1718297857.0316327, -351.90000000000003, 429.64000000000004, 454.48
1718297857.039378, -351.90000000000003, 429.64000000000004, 454.48
1718297857.047126, -351.90000000000003, 429.64000000000004, 454.48
1718297857.0548854, -351.90000000000003, 429.64000000000004, 454.48
1718297857.0626311, -351.90000000000003, 429.64000000000004, 454.48
1718297857.0703764, -351.90000000000003, 429.64000000000004, 454.48
1718297857.078124, -351.90000000000003, 429.64000000000004, 454.48
1718297857.0858681, -351.90000000000003, 429.64000000000004, 454.48
1718297857.0936363, -351.90000000000003, 429.64000000000004, 454.48
1718297857.101385, -351.90000000000003, 429.64000000000004, 454.48
1718297857.1091397, -351.90000000000003, 429.64000000000004, 454.48
1718297857.1168823, -351.90000000000003, 429.64000000000004, 454.48
1718297857.124626, -351.90000000000003, 429.64000000000004, 454.48
1718297857.1323695, -351.90000000000003, 429.64000000000004, 454.48
1718297857.1401122, -351.90000000000003, 429.64000000000004, 454.48
1718297857.1478667, -351.90000000000003, 429.64000000000004, 454.48
1718297857.155614, -351.90000000000003, 429.64000000000004, 454.48
1718297857.1634018, -351.90000000000003, 429.64000000000004, 454.48
1718297857.1711476, -351.90000000000003, 429.64000000000004, 454.48
1718297857.1788917, -351.90000000000003, 429.64000000000004, 454.48
1718297857.1866384, -351.90000000000003, 429.64000000000004, 454.48
1718297857.1943824, -351.90000000000003, 429.64000000000004, 454.48
1718297857.2021322, -345.46000000000004, 452.64000000000004, 549.24
1718297857.2098913, -345.46000000000004, 452.64000000000004, 549.24
1718297857.217662, -345.46000000000004, 452.64000000000004, 549.24
1718297857.2254093, -345.46000000000004, 452.64000000000004, 549.24
1718297857.2331538, -345.46000000000004, 452.64000000000004, 549.24
1718297857.240899, -345.46000000000004, 452.64000000000004, 549.24
1718297857.248643, -345.46000000000004, 452.64000000000004, 549.24
1718297857.2563999, -345.46000000000004, 452.64000000000004, 549.24
1718297857.2641459, -346.38, 459.08000000000004, 504.16
1718297857.2718976, -346.38, 459.08000000000004, 504.16
1718297857.2796414, -346.38, 459.08000000000004, 504.16
1718297857.2873838, -346.38, 459.08000000000004, 504.16
1718297857.2951276, -346.38, 459.08000000000004, 504.16
1718297857.302878, -346.38, 459.08000000000004, 504.16
1718297857.310619, -346.38, 459.08000000000004, 504.16
1718297857.3183842, -346.38, 459.08000000000004, 504.16
1718297857.326133, -346.38, 459.08000000000004, 504.16
1718297857.3338807, -350.06, 460.92, 590.64
1718297857.34165, -350.06, 460.92, 590.64
1718297857.3493936, -350.06, 460.92, 590.64
1718297857.357139, -350.06, 460.92, 590.64
1718297857.364943, -350.06, 460.92, 590.64
1718297857.3726883, -350.06, 460.92, 590.64
1718297857.3804324, -350.06, 460.92, 590.64
1718297857.388181, -350.06, 460.92, 590.64
1718297857.3959255, -350.06, 460.92, 590.64
1718297857.4036672, -350.06, 460.92, 590.64
1718297857.411414, -350.06, 460.92, 590.64
1718297857.419157, -350.06, 460.92, 590.64
1718297857.4269001, -350.06, 460.92, 590.64
1718297857.434641, -350.06, 460.92, 590.64
1718297857.4423823, -350.06, 460.92, 590.64
1718297857.4501245, -350.06, 460.92, 590.64
1718297857.4578676, -350.06, 460.92, 590.64
1718297857.465632, -350.06, 460.92, 590.64
1718297857.473378, -350.06, 460.92, 590.64
1718297857.4811203, -350.06, 460.92, 590.64
1718297857.488862, -350.06, 460.92, 590.64
1718297857.4966054, -350.06, 460.92, 590.64
1718297857.50435, -350.06, 460.92, 590.64
1718297857.5120916, -350.06, 460.92, 590.64
1718297857.5198321, -350.06, 460.92, 590.64
1718297857.527573, -350.06, 460.92, 590.64
1718297857.5353231, -350.06, 460.92, 590.64
1718297857.5430691, -350.06, 460.92, 590.64
1718297857.5508115, -350.06, 460.92, 590.64
1718297857.5585551, -350.06, 460.92, 590.64
1718297857.5662951, -350.06, 460.92, 590.64
1718297857.5740423, -350.06, 460.92, 590.64
1718297857.5817845, -350.06, 460.92, 590.64
1718297857.5895278, -350.06, 460.92, 590.64
1718297857.597272, -369.38, 454.48, 521.64
1718297857.605021, -369.38, 454.48, 521.64
1718297857.6127636, -369.38, 454.48, 521.64
1718297857.620505, -369.38, 454.48, 521.64
1718297857.6282635, -369.38, 454.48, 521.64
1718297857.6360047, -369.38, 454.48, 521.64
1718297857.6437488, -369.38, 454.48, 521.64
1718297857.6514926, -369.38, 454.48, 521.64
1718297857.6592355, -369.38, 454.48, 521.64
1718297857.6669772, -366.62, 455.40000000000003, 471.96000000000004
1718297857.6747262, -366.62, 455.40000000000003, 471.96000000000004
1718297857.6824708, -366.62, 455.40000000000003, 471.96000000000004
1718297857.690215, -366.62, 455.40000000000003, 471.96000000000004
1718297857.6979651, -366.62, 455.40000000000003, 471.96000000000004
1718297857.705712, -366.62, 455.40000000000003, 471.96000000000004
1718297857.713458, -366.62, 455.40000000000003, 471.96000000000004
1718297857.7212386, -366.62, 455.40000000000003, 471.96000000000004
1718297857.7289827, -365.7, 455.40000000000003, 480.24
1718297857.7367299, -365.7, 455.40000000000003, 480.24
1718297857.744471, -365.7, 455.40000000000003, 480.24
1718297857.752233, -365.7, 455.40000000000003, 480.24
1718297857.759979, -365.7, 455.40000000000003, 480.24
1718297857.7677233, -365.7, 455.40000000000003, 480.24
1718297857.775467, -365.7, 455.40000000000003, 480.24
1718297857.7832112, -365.7, 455.40000000000003, 480.24
1718297857.7909539, -365.7, 455.40000000000003, 480.24
1718297857.7986968, -365.7, 455.40000000000003, 480.24
1718297857.806445, -365.7, 455.40000000000003, 480.24
1718297857.814233, -365.7, 455.40000000000003, 480.24
1718297857.8219798, -365.7, 455.40000000000003, 480.24
1718297857.8297274, -365.7, 455.40000000000003, 480.24
1718297857.837477, -365.7, 455.40000000000003, 480.24
1718297857.8452215, -365.7, 455.40000000000003, 480.24
1718297857.8529727, -365.7, 455.40000000000003, 480.24
1718297857.8607175, -365.7, 455.40000000000003, 480.24
1718297857.8684597, -365.7, 455.40000000000003, 480.24
1718297857.8762035, -365.7, 455.40000000000003, 480.24
1718297857.8839974, -365.7, 455.40000000000003, 480.24
1718297857.891836, -365.7, 455.40000000000003, 480.24
1718297857.899674, -365.7, 455.40000000000003, 480.24
1718297857.9075074, -365.7, 455.40000000000003, 480.24
1718297857.9153395, -365.7, 455.40000000000003, 480.24
1718297857.9231699, -365.7, 455.40000000000003, 480.24
1718297857.931003, -365.7, 455.40000000000003, 480.24
1718297857.938833, -365.7, 455.40000000000003, 480.24
1718297857.946665, -365.7, 455.40000000000003, 480.24
1718297857.9544919, -365.7, 455.40000000000003, 480.24
1718297857.9623191, -365.7, 455.40000000000003, 480.24
1718297857.9701493, -365.7, 455.40000000000003, 480.24
1718297857.9779856, -365.7, 455.40000000000003, 480.24
1718297857.985816, -365.7, 455.40000000000003, 480.24
1718297857.9938338, -365.7, 455.40000000000003, 480.24
1718297858.0016892, -365.7, 455.40000000000003, 480.24
1718297858.0095255, -365.7, 455.40000000000003, 480.24
1718297858.0173604, -365.7, 455.40000000000003, 480.24
1718297858.0251942, -365.7, 455.40000000000003, 480.24
1718297858.033029, -365.7, 455.40000000000003, 480.24
1718297858.0408578, -365.7, 455.40000000000003, 480.24
1718297858.048699, -365.7, 455.40000000000003, 480.24
1718297858.0565314, -365.7, 455.40000000000003, 480.24
1718297858.0643613, -365.7, 455.40000000000003, 480.24
1718297858.0721924, -365.7, 455.40000000000003, 480.24
1718297858.0800235, -365.7, 455.40000000000003, 480.24
1718297858.0878947, -365.7, 455.40000000000003, 480.24
1718297858.0958037, -365.7, 455.40000000000003, 480.24
1718297858.103651, -365.7, 455.40000000000003, 480.24
1718297858.1114938, -365.7, 455.40000000000003, 480.24
1718297858.1193287, -365.7, 455.40000000000003, 480.24
1718297858.1271615, -365.7, 459.08000000000004, 554.76
1718297858.1350172, -369.38, 459.08000000000004, 554.76
1718297858.1428514, -369.38, 459.08000000000004, 554.76
1718297858.150685, -369.38, 459.08000000000004, 554.76
1718297858.158516, -369.38, 459.08000000000004, 554.76
1718297858.166345, -369.38, 459.08000000000004, 554.76
1718297858.1741781, -369.38, 459.08000000000004, 554.76
1718297858.1820111, -369.38, 459.08000000000004, 554.76
1718297858.1898427, -369.38, 459.08000000000004, 554.76
1718297858.197689, -369.38, 459.08000000000004, 554.76
1718297858.2055206, -369.38, 459.08000000000004, 554.76
1718297858.2133582, -369.38, 459.08000000000004, 554.76
1718297858.2211897, -369.38, 459.08000000000004, 554.76
1718297858.229018, -369.38, 459.08000000000004, 554.76
1718297858.2368476, -369.38, 459.08000000000004, 554.76
1718297858.244676, -369.38, 459.08000000000004, 554.76
1718297858.252506, -369.38, 459.08000000000004, 554.76
1718297858.2603369, -375.82, 454.48, 529.0
1718297858.2681706, -375.82, 454.48, 529.0
1718297858.2759964, -375.82, 454.48, 529.0
1718297858.2838314, -375.82, 454.48, 529.0
1718297858.291661, -375.82, 454.48, 529.0
1718297858.2994888, -375.82, 454.48, 529.0
1718297858.3073208, -375.82, 454.48, 529.0
1718297858.315171, -375.82, 454.48, 529.0
1718297858.32301, -375.82, 454.48, 529.0
1718297858.3308432, -380.42, 447.12, 526.24
1718297858.338675, -380.42, 447.12, 526.24
1718297858.3465035, -380.42, 447.12, 526.24
1718297858.3543334, -380.42, 447.12, 526.24
1718297858.3621643, -380.42, 447.12, 526.24
1718297858.369993, -380.42, 447.12, 526.24
1718297858.3778243, -380.42, 447.12, 526.24
1718297858.385677, -380.42, 447.12, 526.24
1718297858.3935075, -384.1, 442.52000000000004, 481.16
1718297858.40134, -384.1, 442.52000000000004, 481.16
1718297858.4091787, -384.1, 442.52000000000004, 481.16
1718297858.417009, -384.1, 442.52000000000004, 481.16
1718297858.4248378, -384.1, 442.52000000000004, 481.16
1718297858.4326653, -384.1, 442.52000000000004, 481.16
1718297858.440496, -384.1, 442.52000000000004, 481.16
1718297858.4483423, -384.1, 442.52000000000004, 481.16
1718297858.456171, -384.1, 442.52000000000004, 481.16
1718297858.464001, -384.1, 438.84000000000003, 554.76
1718297858.4718316, -384.1, 438.84000000000003, 554.76
1718297858.479662, -384.1, 438.84000000000003, 554.76
1718297858.4874873, -384.1, 438.84000000000003, 554.76
1718297858.4953158, -384.1, 438.84000000000003, 554.76
1718297858.5031455, -384.1, 438.84000000000003, 554.76
1718297858.5109756, -384.1, 438.84000000000003, 554.76
1718297858.5188036, -384.1, 438.84000000000003, 554.76
1718297858.526634, -381.34000000000003, 441.6, 469.20000000000005
1718297858.5344677, -381.34000000000003, 441.6, 469.20000000000005
1718297858.5423005, -381.34000000000003, 441.6, 469.20000000000005
1718297858.550131, -381.34000000000003, 441.6, 469.20000000000005
1718297858.5579634, -381.34000000000003, 441.6, 469.20000000000005
1718297858.5657969, -381.34000000000003, 441.6, 469.20000000000005
1718297858.5736454, -381.34000000000003, 441.6, 469.20000000000005
1718297858.5814786, -381.34000000000003, 441.6, 469.20000000000005
1718297858.5893092, -381.34000000000003, 441.6, 469.20000000000005
1718297858.5971408, -376.74, 450.8, 555.6800000000001
1718297858.604972, -376.74, 450.8, 555.6800000000001
1718297858.6127996, -376.74, 450.8, 555.6800000000001
1718297858.6206279, -376.74, 450.8, 555.6800000000001
1718297858.6284564, -376.74, 450.8, 555.6800000000001
1718297858.636357, -376.74, 450.8, 555.6800000000001
1718297858.6441855, -376.74, 450.8, 555.6800000000001
1718297858.652012, -376.74, 450.8, 555.6800000000001
1718297858.659839, -367.54, 462.76000000000005, 528.08
1718297858.6676683, -367.54, 462.76000000000005, 528.08
1718297858.6755097, -367.54, 462.76000000000005, 528.08
1718297858.6833384, -367.54, 462.76000000000005, 528.08
1718297858.6911647, -367.54, 462.76000000000005, 528.08
1718297858.699014, -367.54, 462.76000000000005, 528.08
1718297858.7068417, -367.54, 462.76000000000005, 528.08
1718297858.7146773, -367.54, 462.76000000000005, 528.08
1718297858.722504, -367.54, 462.76000000000005, 528.08
1718297858.7303333, -361.1, 471.96000000000004, 562.12
1718297858.7381675, -361.1, 471.96000000000004, 562.12
1718297858.7460017, -361.1, 471.96000000000004, 562.12
1718297858.7538397, -361.1, 471.96000000000004, 562.12
1718297858.7616842, -361.1, 471.96000000000004, 562.12
1718297858.7695155, -361.1, 471.96000000000004, 562.12
1718297858.7773461, -361.1, 471.96000000000004, 562.12
1718297858.7851727, -361.1, 471.96000000000004, 562.12
1718297858.7931073, -360.18, 475.64000000000004, 506.0
1718297858.8009446, -360.18, 475.64000000000004, 506.0
1718297858.8087728, -360.18, 475.64000000000004, 506.0
1718297858.8166077, -360.18, 475.64000000000004, 506.0
1718297858.8244412, -360.18, 475.64000000000004, 506.0
1718297858.8323104, -360.18, 475.64000000000004, 506.0
1718297858.8401408, -360.18, 475.64000000000004, 506.0
1718297858.8479729, -360.18, 475.64000000000004, 506.0
1718297858.8558052, -360.18, 475.64000000000004, 506.0
1718297858.863641, -368.46000000000004, 471.04, 504.16
1718297858.8714812, -368.46000000000004, 471.04, 504.16
1718297858.8793135, -368.46000000000004, 471.04, 504.16
1718297858.8871453, -368.46000000000004, 471.04, 504.16
1718297858.8949742, -368.46000000000004, 471.04, 504.16
1718297858.9028144, -368.46000000000004, 471.04, 504.16
1718297858.9106529, -368.46000000000004, 471.04, 504.16
1718297858.9184923, -368.46000000000004, 471.04, 504.16
1718297858.9263265, -376.74, 461.84000000000003, 514.28
1718297858.9341621, -376.74, 461.84000000000003, 514.28
1718297858.9420075, -376.74, 461.84000000000003, 514.28
1718297858.9498396, -376.74, 461.84000000000003, 514.28
1718297858.9576924, -376.74, 461.84000000000003, 514.28
1718297858.9655273, -376.74, 461.84000000000003, 514.28
1718297858.9733589, -376.74, 461.84000000000003, 514.28
1718297858.9812117, -376.74, 461.84000000000003, 514.28
1718297858.98904, -376.74, 461.84000000000003, 514.28
1718297858.9968667, -382.26, 454.48, 554.76
1718297859.0047107, -382.26, 454.48, 554.76
1718297859.0125475, -382.26, 454.48, 554.76
1718297859.0203762, -382.26, 454.48, 554.76
1718297859.028207, -382.26, 454.48, 554.76
1718297859.036035, -382.26, 454.48, 554.76
1718297859.043863, -382.26, 454.48, 554.76
1718297859.0516894, -382.26, 454.48, 554.76
1718297859.0595152, -379.5, 451.72, 544.64
1718297859.0672867, -379.5, 451.72, 544.64
1718297859.075033, -379.5, 451.72, 544.64
1718297859.0827806, -379.5, 451.72, 544.64
1718297859.0905244, -379.5, 451.72, 544.64
1718297859.098266, -379.5, 451.72, 544.64
1718297859.106007, -379.5, 451.72, 544.64
1718297859.1137466, -379.5, 451.72, 544.64
1718297859.1214864, -379.5, 451.72, 544.64
1718297859.1292286, -376.74, 456.32, 588.8000000000001
1718297859.1369736, -376.74, 456.32, 588.8000000000001
1718297859.144715, -376.74, 456.32, 588.8000000000001
1718297859.1524553, -376.74, 456.32, 588.8000000000001
1718297859.1601994, -376.74, 456.32, 588.8000000000001
1718297859.1679378, -376.74, 456.32, 588.8000000000001
1718297859.1756783, -376.74, 456.32, 588.8000000000001
1718297859.1834197, -376.74, 456.32, 588.8000000000001
1718297859.1911616, -368.46000000000004, 467.36, 496.8
1718297859.1989074, -368.46000000000004, 467.36, 496.8
1718297859.2068083, -368.46000000000004, 467.36, 496.8
1718297859.214557, -368.46000000000004, 467.36, 496.8
1718297859.2223022, -368.46000000000004, 467.36, 496.8
1718297859.2300456, -368.46000000000004, 467.36, 496.8
1718297859.2377868, -368.46000000000004, 467.36, 496.8
1718297859.2455277, -368.46000000000004, 467.36, 496.8
1718297859.2532728, -368.46000000000004, 467.36, 496.8
1718297859.2610157, -360.18, 479.32, 516.12
1718297859.2687657, -360.18, 479.32, 516.12
1718297859.2765102, -360.18, 479.32, 516.12
1718297859.2842512, -360.18, 479.32, 516.12
1718297859.292017, -360.18, 479.32, 516.12
1718297859.2997563, -360.18, 479.32, 516.12
1718297859.3074987, -360.18, 479.32, 516.12
1718297859.3152366, -360.18, 479.32, 516.12
1718297859.3230047, -360.18, 479.32, 516.12
1718297859.3307543, -360.18, 479.32, 516.12
1718297859.3385258, -360.18, 479.32, 516.12
1718297859.3462703, -360.18, 479.32, 516.12
1718297859.3540149, -360.18, 479.32, 516.12
1718297859.3617632, -360.18, 479.32, 516.12
1718297859.3695023, -360.18, 479.32, 516.12
1718297859.3772454, -360.18, 479.32, 516.12
1718297859.3849962, -360.18, 479.32, 516.12
1718297859.3927362, -360.18, 479.32, 516.12
1718297859.4004781, -360.18, 479.32, 516.12
1718297859.4082367, -360.18, 479.32, 516.12
1718297859.4159777, -360.18, 479.32, 516.12
1718297859.4237204, -360.18, 479.32, 516.12
1718297859.4314668, -360.18, 479.32, 516.12
1718297859.4392118, -360.18, 479.32, 516.12
1718297859.4469552, -360.18, 479.32, 516.12
1718297859.4546971, -360.18, 479.32, 516.12
1718297859.4624414, -360.18, 479.32, 516.12
1718297859.470186, -360.18, 479.32, 516.12
1718297859.4779553, -360.18, 479.32, 516.12
1718297859.4856975, -360.18, 479.32, 516.12
1718297859.4934378, -360.18, 479.32, 516.12
1718297859.5011802, -360.18, 479.32, 516.12
1718297859.5089245, -360.18, 479.32, 516.12
1718297859.5166664, -360.18, 479.32, 516.12
1718297859.5244076, -335.34000000000003, 502.32000000000005, 510.6
1718297859.532154, -335.34000000000003, 502.32000000000005, 510.6
1718297859.5398996, -335.34000000000003, 502.32000000000005, 510.6
1718297859.5476441, -335.34000000000003, 502.32000000000005, 510.6
1718297859.5554063, -335.34000000000003, 502.32000000000005, 510.6
1718297859.5631506, -335.34000000000003, 502.32000000000005, 510.6
1718297859.5709267, -335.34000000000003, 502.32000000000005, 510.6
1718297859.578675, -335.34000000000003, 502.32000000000005, 510.6
1718297859.5864234, -335.34000000000003, 502.32000000000005, 510.6
1718297859.5941703, -327.98, 510.6, 519.8000000000001
1718297859.6019163, -327.98, 510.6, 519.8000000000001
1718297859.6096702, -327.98, 510.6, 519.8000000000001
1718297859.6174166, -327.98, 510.6, 519.8000000000001
1718297859.6251614, -327.98, 510.6, 519.8000000000001
1718297859.632906, -327.98, 510.6, 519.8000000000001
1718297859.6406496, -327.98, 510.6, 519.8000000000001
1718297859.6483912, -327.98, 510.6, 519.8000000000001
1718297859.6561341, -324.3, 516.12, 537.28
1718297859.6639147, -324.3, 516.12, 537.28
1718297859.671654, -324.3, 516.12, 537.28
1718297859.679395, -324.3, 516.12, 537.28
1718297859.6871371, -324.3, 516.12, 537.28
1718297859.6948776, -324.3, 516.12, 537.28
1718297859.702619, -324.3, 516.12, 537.28
1718297859.7103617, -324.3, 516.12, 537.28
1718297859.718103, -324.3, 516.12, 537.28
1718297859.725845, -324.3, 516.12, 537.28
1718297859.7336197, -324.3, 516.12, 537.28
1718297859.7413664, -324.3, 516.12, 537.28
1718297859.749108, -324.3, 516.12, 537.28
1718297859.7568676, -324.3, 516.12, 537.28
1718297859.7646074, -324.3, 516.12, 537.28
1718297859.772348, -324.3, 516.12, 537.28
1718297859.7800875, -324.3, 516.12, 537.28
1718297859.7878323, -324.3, 516.12, 537.28
1718297859.7955735, -324.3, 516.12, 537.28
1718297859.8033154, -324.3, 516.12, 537.28
1718297859.8110583, -324.3, 516.12, 537.28
1718297859.8188026, -324.3, 516.12, 537.28
1718297859.8265438, -324.3, 516.12, 537.28
1718297859.8342907, -324.3, 516.12, 537.28
1718297859.842031, -324.3, 516.12, 537.28
1718297859.849776, -324.3, 516.12, 537.28
1718297859.857514, -324.3, 516.12, 537.28
1718297859.8652573, -324.3, 516.12, 537.28
1718297859.873001, -324.3, 516.12, 537.28
1718297859.8807452, -324.3, 516.12, 537.28
1718297859.8884854, -324.3, 516.12, 537.28
1718297859.896249, -324.3, 516.12, 537.28
1718297859.9039896, -324.3, 516.12, 537.28
1718297859.9117424, -324.3, 516.12, 537.28
1718297859.9194865, -324.3, 516.12, 537.28
1718297859.9272652, -322.46000000000004, 523.48, 454.48
1718297859.935009, -322.46000000000004, 523.48, 454.48
1718297859.9427595, -322.46000000000004, 523.48, 454.48
1718297859.9505193, -322.46000000000004, 523.48, 454.48
1718297859.9582646, -322.46000000000004, 523.48, 454.48
1718297859.966009, -322.46000000000004, 523.48, 454.48
1718297859.9737523, -322.46000000000004, 523.48, 454.48
1718297859.9815066, -322.46000000000004, 523.48, 454.48
1718297859.989249, -322.46000000000004, 524.4, 515.2
1718297859.9969912, -322.46000000000004, 524.4, 515.2
1718297860.0047376, -322.46000000000004, 524.4, 515.2
1718297860.0124884, -322.46000000000004, 524.4, 515.2
1718297860.0202534, -322.46000000000004, 524.4, 515.2
1718297860.027996, -322.46000000000004, 524.4, 515.2
1718297860.0357385, -322.46000000000004, 524.4, 515.2
1718297860.04348, -322.46000000000004, 524.4, 515.2
1718297860.051223, -322.46000000000004, 524.4, 515.2
1718297860.0589619, -321.54, 523.48, 446.20000000000005
1718297860.0667062, -321.54, 523.48, 446.20000000000005
1718297860.0744498, -321.54, 523.48, 446.20000000000005
1718297860.0821931, -321.54, 523.48, 446.20000000000005
1718297860.0899348, -321.54, 523.48, 446.20000000000005
1718297860.0976791, -321.54, 523.48, 446.20000000000005
1718297860.105422, -321.54, 523.48, 446.20000000000005
1718297860.1131659, -321.54, 523.48, 446.20000000000005
1718297860.120908, -321.54, 523.48, 446.20000000000005
1718297860.128649, -321.54, 523.48, 446.20000000000005
1718297860.1363907, -321.54, 523.48, 446.20000000000005
1718297860.1441307, -321.54, 523.48, 446.20000000000005
1718297860.1518714, -321.54, 523.48, 446.20000000000005
1718297860.1596122, -321.54, 523.48, 446.20000000000005
1718297860.167374, -321.54, 523.48, 446.20000000000005
1718297860.1751184, -321.54, 523.48, 446.20000000000005
1718297860.1828582, -321.54, 523.48, 446.20000000000005
1718297860.1905994, -321.54, 523.48, 446.20000000000005
1718297860.1983407, -321.54, 523.48, 446.20000000000005
1718297860.2060928, -321.54, 523.48, 446.20000000000005
1718297860.213841, -321.54, 523.48, 446.20000000000005
1718297860.2215986, -321.54, 523.48, 446.20000000000005
1718297860.2293403, -321.54, 523.48, 446.20000000000005
1718297860.2370834, -321.54, 523.48, 446.20000000000005
1718297860.2448251, -321.54, 523.48, 446.20000000000005
1718297860.2525663, -321.54, 523.48, 446.20000000000005
1718297860.2603133, -321.54, 523.48, 446.20000000000005
1718297860.268091, -321.54, 523.48, 446.20000000000005
1718297860.2758307, -321.54, 523.48, 446.20000000000005
1718297860.2835712, -321.54, 523.48, 446.20000000000005
1718297860.2913148, -321.54, 523.48, 446.20000000000005
1718297860.299056, -321.54, 523.48, 446.20000000000005
1718297860.3067982, -321.54, 523.48, 446.20000000000005
1718297860.3145392, -321.54, 523.48, 446.20000000000005
1718297860.3223007, -304.98, 532.6800000000001, 529.0
1718297860.330052, -304.98, 532.6800000000001, 529.0
1718297860.337798, -304.98, 532.6800000000001, 529.0
1718297860.3455415, -304.98, 532.6800000000001, 529.0
1718297860.3532917, -304.98, 532.6800000000001, 529.0
1718297860.3610654, -304.98, 532.6800000000001, 529.0
1718297860.368809, -304.98, 532.6800000000001, 529.0
1718297860.376554, -304.98, 532.6800000000001, 529.0
1718297860.3842971, -304.98, 532.6800000000001, 529.0
1718297860.3920405, -299.46000000000004, 540.0400000000001, 576.84
1718297860.3998084, -299.46000000000004, 540.0400000000001, 576.84
1718297860.4075532, -299.46000000000004, 540.0400000000001, 576.84
1718297860.4152975, -299.46000000000004, 540.0400000000001, 576.84
1718297860.4230447, -299.46000000000004, 540.0400000000001, 576.84
1718297860.4307892, -299.46000000000004, 540.0400000000001, 576.84
1718297860.4385316, -299.46000000000004, 540.0400000000001, 576.84
1718297860.4462752, -299.46000000000004, 540.0400000000001, 576.84
1718297860.4541698, -292.1, 542.8000000000001, 543.72
1718297860.4619217, -292.1, 542.8000000000001, 543.72
1718297860.4696655, -292.1, 542.8000000000001, 543.72
1718297860.4774082, -292.1, 542.8000000000001, 543.72
1718297860.4851491, -292.1, 542.8000000000001, 543.72
1718297860.492891, -292.1, 542.8000000000001, 543.72
1718297860.5006797, -292.1, 542.8000000000001, 543.72
1718297860.5084257, -292.1, 542.8000000000001, 543.72
1718297860.5161695, -292.1, 542.8000000000001, 543.72
1718297860.5239148, -283.82, 540.96, 495.88
1718297860.5316586, -283.82, 540.96, 495.88
1718297860.5394003, -283.82, 540.96, 495.88
1718297860.5471416, -283.82, 540.96, 495.88
1718297860.5548835, -283.82, 540.96, 495.88
1718297860.5626261, -283.82, 540.96, 495.88
1718297860.570369, -283.82, 540.96, 495.88
1718297860.5781116, -283.82, 540.96, 495.88
1718297860.5858552, -283.82, 540.96, 495.88
1718297860.5936496, -283.82, 540.96, 495.88
1718297860.6014023, -283.82, 540.96, 495.88
1718297860.6091435, -283.82, 540.96, 495.88
1718297860.616888, -283.82, 540.96, 495.88
1718297860.6246283, -283.82, 540.96, 495.88
1718297860.6323745, -283.82, 540.96, 495.88
1718297860.6401184, -283.82, 540.96, 495.88
1718297860.64786, -283.82, 540.96, 495.88
1718297860.6556013, -283.82, 540.96, 495.88
1718297860.6633432, -283.82, 540.96, 495.88
1718297860.671086, -283.82, 540.96, 495.88
1718297860.6788282, -283.82, 540.96, 495.88
1718297860.6866016, -283.82, 540.96, 495.88
1718297860.6943426, -283.82, 540.96, 495.88
1718297860.702089, -283.82, 540.96, 495.88
1718297860.7098331, -283.82, 540.96, 495.88
1718297860.717576, -283.82, 540.96, 495.88
1718297860.725358, -283.82, 540.96, 495.88
1718297860.7330973, -283.82, 540.96, 495.88
1718297860.7408369, -283.82, 540.96, 495.88
1718297860.7485795, -283.82, 540.96, 495.88
1718297860.7563212, -283.82, 540.96, 495.88
1718297860.764064, -283.82, 540.96, 495.88
1718297860.7718053, -283.82, 540.96, 495.88
1718297860.7795823, -283.82, 540.96, 495.88
1718297860.787319, -224.02, 538.2, 559.36
1718297860.7950647, -224.02, 538.2, 559.36
1718297860.8028069, -224.02, 538.2, 559.36
1718297860.810557, -224.02, 538.2, 559.36
1718297860.8183084, -224.02, 538.2, 559.36
1718297860.8260515, -224.02, 538.2, 559.36
1718297860.8337924, -224.02, 538.2, 559.36
1718297860.8415332, -224.02, 538.2, 559.36
1718297860.8492756, -224.02, 538.2, 559.36
1718297860.857019, -203.78, 536.36, 520.72
1718297860.8647647, -203.78, 536.36, 520.72
1718297860.872545, -203.78, 536.36, 520.72
1718297860.8802862, -203.78, 536.36, 520.72
1718297860.888027, -203.78, 536.36, 520.72
1718297860.8957663, -203.78, 536.36, 520.72
1718297860.9035077, -203.78, 536.36, 520.72
1718297860.9112518, -203.78, 536.36, 520.72
1718297860.9189963, -185.38, 536.36, 525.32
1718297860.9267428, -185.38, 536.36, 525.32
1718297860.934487, -185.38, 536.36, 525.32
1718297860.9422326, -185.38, 536.36, 525.32
1718297860.9499848, -185.38, 536.36, 525.32
1718297860.9577289, -185.38, 536.36, 525.32
1718297860.9654768, -185.38, 536.36, 525.32
1718297860.9732194, -185.38, 536.36, 525.32
1718297860.9809625, -185.38, 536.36, 525.32
1718297860.988705, -185.38, 536.36, 525.32
1718297860.9964473, -185.38, 536.36, 525.32
1718297861.0041893, -185.38, 536.36, 525.32
1718297861.0119314, -185.38, 536.36, 525.32
1718297861.019674, -185.38, 536.36, 525.32
1718297861.0274913, -185.38, 536.36, 525.32
1718297861.035231, -185.38, 536.36, 525.32
1718297861.0429723, -185.38, 536.36, 525.32
1718297861.0507135, -185.38, 536.36, 525.32
1718297861.0585077, -185.38, 536.36, 525.32
1718297861.0662491, -185.38, 536.36, 525.32
1718297861.0739906, -185.38, 536.36, 525.32
1718297861.081731, -185.38, 536.36, 525.32
1718297861.0894694, -185.38, 536.36, 525.32
1718297861.0972095, -185.38, 536.36, 525.32
1718297861.1049478, -185.38, 536.36, 525.32
1718297861.1126885, -185.38, 536.36, 525.32
1718297861.1204336, -185.38, 536.36, 525.32
1718297861.128175, -185.38, 536.36, 525.32
1718297861.1359324, -185.38, 536.36, 525.32
1718297861.1436744, -185.38, 536.36, 525.32
1718297861.151416, -185.38, 536.36, 525.32
1718297861.1591556, -185.38, 536.36, 525.32
1718297861.166895, -185.38, 536.36, 525.32
1718297861.1746368, -185.38, 536.36, 525.32
1718297861.1823761, -185.38, 536.36, 525.32
1718297861.1901166, -132.94, 529.9200000000001, 568.5600000000001
1718297861.1978612, -132.94, 529.9200000000001, 568.5600000000001
1718297861.2056224, -132.94, 529.9200000000001, 568.5600000000001
1718297861.2133672, -132.94, 529.9200000000001, 568.5600000000001
1718297861.2211087, -132.94, 529.9200000000001, 568.5600000000001
1718297861.2288492, -132.94, 529.9200000000001, 568.5600000000001
1718297861.2365916, -132.94, 529.9200000000001, 568.5600000000001
1718297861.2443335, -132.94, 529.9200000000001, 568.5600000000001
1718297861.25208, -121.9, 528.08, 523.48
1718297861.259823, -121.9, 528.08, 523.48
1718297861.267562, -121.9, 528.08, 523.48
1718297861.2753012, -121.9, 528.08, 523.48
1718297861.283043, -121.9, 528.08, 523.48
1718297861.2907987, -121.9, 528.08, 523.48
1718297861.2985413, -121.9, 528.08, 523.48
1718297861.306283, -121.9, 528.08, 523.48
1718297861.3140216, -121.9, 528.08, 523.48
1718297861.3217766, -109.02000000000001, 525.32, 584.2
1718297861.3295262, -109.02000000000001, 525.32, 584.2
1718297861.33727, -109.02000000000001, 525.32, 584.2
1718297861.345012, -109.02000000000001, 525.32, 584.2
1718297861.3527565, -109.02000000000001, 525.32, 584.2
1718297861.360499, -109.02000000000001, 525.32, 584.2
1718297861.3682594, -109.02000000000001, 525.32, 584.2
1718297861.3760023, -109.02000000000001, 525.32, 584.2
1718297861.3837645, -109.02000000000001, 525.32, 584.2
1718297861.3915064, -109.02000000000001, 525.32, 584.2
1718297861.3992496, -109.02000000000001, 525.32, 584.2
1718297861.4069953, -109.02000000000001, 525.32, 584.2
1718297861.4147413, -109.02000000000001, 525.32, 584.2
1718297861.4224856, -109.02000000000001, 525.32, 584.2
1718297861.4302313, -109.02000000000001, 525.32, 584.2
1718297861.437974, -109.02000000000001, 525.32, 584.2
1718297861.4457173, -109.02000000000001, 525.32, 584.2
1718297861.4534664, -109.02000000000001, 525.32, 584.2
1718297861.4612143, -109.02000000000001, 525.32, 584.2
1718297861.4689553, -109.02000000000001, 525.32, 584.2
1718297861.476726, -109.02000000000001, 525.32, 584.2
1718297861.4844673, -109.02000000000001, 525.32, 584.2
1718297861.4922137, -109.02000000000001, 525.32, 584.2
1718297861.4999585, -109.02000000000001, 525.32, 584.2
1718297861.5077024, -109.02000000000001, 525.32, 584.2
1718297861.5154457, -109.02000000000001, 525.32, 584.2
1718297861.5231905, -109.02000000000001, 525.32, 584.2
1718297861.5309455, -109.02000000000001, 525.32, 584.2
1718297861.5386896, -109.02000000000001, 525.32, 584.2
1718297861.5464318, -109.02000000000001, 525.32, 584.2
1718297861.554175, -109.02000000000001, 525.32, 584.2
1718297861.561918, -109.02000000000001, 525.32, 584.2
1718297861.569661, -109.02000000000001, 525.32, 584.2
1718297861.5774028, -109.02000000000001, 525.32, 584.2
1718297861.585145, -75.9, 525.32, 539.12
1718297861.592889, -75.9, 525.32, 539.12
1718297861.6006284, -75.9, 525.32, 539.12
1718297861.6083767, -75.9, 525.32, 539.12
1718297861.616118, -75.9, 525.32, 539.12
1718297861.6238592, -75.9, 525.32, 539.12
1718297861.6315982, -75.9, 525.32, 539.12
1718297861.6393397, -75.9, 525.32, 539.12
1718297861.647082, -75.9, 525.32, 539.12
1718297861.6548204, -70.38000000000001, 522.5600000000001, 455.40000000000003
1718297861.6625664, -70.38000000000001, 522.5600000000001, 455.40000000000003
1718297861.6703143, -70.38000000000001, 522.5600000000001, 455.40000000000003
1718297861.678059, -70.38000000000001, 522.5600000000001, 455.40000000000003
1718297861.6858125, -70.38000000000001, 522.5600000000001, 455.40000000000003
1718297861.693561, -70.38000000000001, 522.5600000000001, 455.40000000000003
1718297861.7013316, -70.38000000000001, 522.5600000000001, 455.40000000000003
1718297861.7090764, -70.38000000000001, 522.5600000000001, 455.40000000000003
1718297861.7168212, -69.46000000000001, 525.32, 496.8
1718297861.7245681, -69.46000000000001, 525.32, 496.8
1718297861.732312, -69.46000000000001, 525.32, 496.8
1718297861.7400532, -69.46000000000001, 525.32, 496.8
1718297861.7479584, -69.46000000000001, 525.32, 496.8
1718297861.7557032, -69.46000000000001, 525.32, 496.8
1718297861.763445, -69.46000000000001, 525.32, 496.8
1718297861.771188, -69.46000000000001, 525.32, 496.8
1718297861.7789512, -69.46000000000001, 525.32, 496.8
1718297861.7867122, -69.46000000000001, 525.32, 496.8
1718297861.7944536, -69.46000000000001, 525.32, 496.8
1718297861.802197, -69.46000000000001, 525.32, 496.8
1718297861.8099406, -69.46000000000001, 525.32, 496.8
1718297861.8176854, -69.46000000000001, 525.32, 496.8
1718297861.8257232, -69.46000000000001, 525.32, 496.8
1718297861.8338168, -69.46000000000001, 525.32, 496.8
1718297861.8419218, -69.46000000000001, 525.32, 496.8
1718297861.850006, -75.9, 533.6, 498.64000000000004
1718297861.8580956, -75.9, 533.6, 498.64000000000004
1718297861.8662283, -75.9, 533.6, 498.64000000000004
1718297861.8743167, -75.9, 533.6, 498.64000000000004
1718297861.8824005, -75.9, 533.6, 498.64000000000004
1718297861.8904843, -75.9, 533.6, 498.64000000000004
1718297861.8985648, -75.9, 533.6, 498.64000000000004
1718297861.9066885, -75.9, 533.6, 498.64000000000004
1718297861.914772, -75.9, 533.6, 498.64000000000004
1718297861.9228587, -75.9, 533.6, 498.64000000000004
1718297861.9308774, -75.9, 533.6, 498.64000000000004
1718297861.9388876, -75.9, 533.6, 498.64000000000004
1718297861.9468951, -75.9, 533.6, 498.64000000000004
1718297861.954892, -75.9, 533.6, 498.64000000000004
1718297861.962888, -75.9, 533.6, 498.64000000000004
1718297861.9708915, -75.9, 533.6, 498.64000000000004
1718297861.9789062, -75.9, 533.6, 498.64000000000004
1718297861.9869108, -86.02000000000001, 538.2, 456.32
1718297861.9949236, -86.02000000000001, 538.2, 456.32
1718297862.0029292, -86.02000000000001, 538.2, 456.32
1718297862.0109446, -86.02000000000001, 538.2, 456.32
1718297862.0189528, -86.02000000000001, 538.2, 456.32
1718297862.0269847, -86.02000000000001, 538.2, 456.32
1718297862.0349913, -86.02000000000001, 538.2, 456.32
1718297862.0429957, -86.02000000000001, 538.2, 456.32
1718297862.0509863, -86.02000000000001, 538.2, 456.32
1718297862.0589876, -86.02000000000001, 538.2, 456.32
1718297862.0669916, -86.02000000000001, 538.2, 456.32
1718297862.0749931, -86.02000000000001, 538.2, 456.32
1718297862.08299, -86.02000000000001, 538.2, 456.32
1718297862.0909855, -86.02000000000001, 538.2, 456.32
1718297862.0989828, -86.02000000000001, 538.2, 456.32
1718297862.1069808, -86.02000000000001, 538.2, 456.32
1718297862.1149778, -86.02000000000001, 538.2, 456.32
1718297862.122978, -86.02000000000001, 538.2, 456.32
1718297862.1309755, -86.02000000000001, 538.2, 456.32
1718297862.1389735, -86.02000000000001, 538.2, 456.32
1718297862.146973, -86.02000000000001, 538.2, 456.32
1718297862.1549742, -86.02000000000001, 538.2, 456.32
1718297862.1629841, -86.02000000000001, 538.2, 456.32
1718297862.1709857, -86.02000000000001, 538.2, 456.32
1718297862.178981, -86.02000000000001, 538.2, 456.32
1718297862.1869817, -93.38000000000001, 540.0400000000001, 543.72
1718297862.1949897, -93.38000000000001, 540.0400000000001, 543.72
1718297862.2029922, -93.38000000000001, 540.0400000000001, 543.72
1718297862.210995, -93.38000000000001, 540.0400000000001, 543.72
1718297862.2189937, -93.38000000000001, 540.0400000000001, 543.72
1718297862.226998, -93.38000000000001, 540.0400000000001, 543.72
1718297862.235002, -93.38000000000001, 540.0400000000001, 543.72
1718297862.2430074, -93.38000000000001, 540.0400000000001, 543.72
1718297862.2510097, -93.38000000000001, 540.0400000000001, 543.72
1718297862.2590113, -93.38000000000001, 540.0400000000001, 543.72
1718297862.2670157, -93.38000000000001, 540.0400000000001, 543.72
1718297862.2750187, -93.38000000000001, 540.0400000000001, 543.72
1718297862.2830143, -93.38000000000001, 540.0400000000001, 543.72
1718297862.2910109, -93.38000000000001, 540.0400000000001, 543.72
1718297862.2990065, -93.38000000000001, 540.0400000000001, 543.72
1718297862.3070025, -93.38000000000001, 540.0400000000001, 543.72
1718297862.3150027, -93.38000000000001, 545.5600000000001, 563.96
1718297862.3230345, -93.38000000000001, 545.5600000000001, 563.96
1718297862.331063, -93.38000000000001, 545.5600000000001, 563.96
1718297862.3391008, -93.38000000000001, 545.5600000000001, 563.96
1718297862.347111, -93.38000000000001, 545.5600000000001, 563.96
1718297862.355117, -93.38000000000001, 545.5600000000001, 563.96
1718297862.3631296, -93.38000000000001, 545.5600000000001, 563.96
1718297862.3711376, -93.38000000000001, 545.5600000000001, 563.96
1718297862.3791451, -93.38000000000001, 545.5600000000001, 563.96
1718297862.3871531, -95.22, 544.64, 595.24
1718297862.3951626, -95.22, 544.64, 595.24
1718297862.4031675, -95.22, 544.64, 595.24
1718297862.4111698, -95.22, 544.64, 595.24
1718297862.4191751, -95.22, 544.64, 595.24
1718297862.427181, -95.22, 544.64, 595.24
1718297862.435189, -95.22, 544.64, 595.24
1718297862.443192, -95.22, 544.64, 595.24
1718297862.451194, -95.22, 544.64, 595.24
1718297862.4591944, -95.22, 544.64, 595.24
1718297862.4671948, -95.22, 544.64, 595.24
1718297862.475196, -95.22, 544.64, 595.24
1718297862.483196, -95.22, 544.64, 595.24
1718297862.491197, -95.22, 544.64, 595.24
1718297862.4991996, -95.22, 544.64, 595.24
1718297862.5071988, -95.22, 544.64, 595.24
1718297862.5151975, -88.78, 544.64, 493.12
1718297862.523197, -88.78, 544.64, 493.12
1718297862.5311952, -88.78, 544.64, 493.12
1718297862.539196, -88.78, 544.64, 493.12
1718297862.5471961, -88.78, 544.64, 493.12
1718297862.5551975, -88.78, 544.64, 493.12
1718297862.5631967, -88.78, 544.64, 493.12
1718297862.571195, -88.78, 544.64, 493.12
1718297862.5791924, -88.78, 544.64, 493.12
1718297862.5871909, -88.78, 544.64, 493.12
1718297862.5951989, -88.78, 544.64, 493.12
1718297862.603204, -88.78, 544.64, 493.12
1718297862.6112092, -88.78, 544.64, 493.12
1718297862.6192229, -88.78, 544.64, 493.12
1718297862.6272235, -88.78, 544.64, 493.12
1718297862.6352525, -88.78, 544.64, 493.12
1718297862.6432588, -88.78, 544.64, 493.12
1718297862.651262, -88.78, 544.64, 493.12
1718297862.6592607, -88.78, 544.64, 493.12
1718297862.667263, -88.78, 544.64, 493.12
1718297862.675261, -88.78, 544.64, 493.12
1718297862.6832788, -88.78, 544.64, 493.12
1718297862.6912885, -88.78, 544.64, 493.12
1718297862.6992831, -88.78, 544.64, 493.12
1718297862.7072818, -88.78, 544.64, 493.12
1718297862.7152848, -92.46000000000001, 546.48, 511.52000000000004
1718297862.7232926, -92.46000000000001, 546.48, 511.52000000000004
1718297862.7313151, -92.46000000000001, 546.48, 511.52000000000004
1718297862.739352, -92.46000000000001, 546.48, 511.52000000000004
1718297862.7473533, -92.46000000000001, 546.48, 511.52000000000004
1718297862.7553816, -92.46000000000001, 546.48, 511.52000000000004
1718297862.7634032, -92.46000000000001, 546.48, 511.52000000000004
1718297862.7714305, -92.46000000000001, 546.48, 511.52000000000004
1718297862.7794454, -92.46000000000001, 546.48, 511.52000000000004
1718297862.7874534, -92.46000000000001, 546.48, 511.52000000000004
1718297862.795506, -92.46000000000001, 546.48, 511.52000000000004
1718297862.803555, -92.46000000000001, 546.48, 511.52000000000004
1718297862.811569, -92.46000000000001, 546.48, 511.52000000000004
1718297862.8195753, -92.46000000000001, 546.48, 511.52000000000004
1718297862.827581, -92.46000000000001, 546.48, 511.52000000000004
1718297862.835592, -92.46000000000001, 546.48, 511.52000000000004
1718297862.8436034, -92.46000000000001, 546.48, 511.52000000000004
1718297862.8516202, -88.78, 543.72, 490.36
1718297862.8596284, -88.78, 543.72, 490.36
1718297862.8682792, -88.78, 543.72, 490.36
1718297862.877433, -88.78, 543.72, 490.36
1718297862.8866668, -88.78, 543.72, 490.36
1718297862.8958204, -88.78, 543.72, 490.36
1718297862.9049695, -88.78, 543.72, 490.36
1718297862.914178, -87.86, 544.64, 451.72
1718297862.9230547, -87.86, 544.64, 451.72
1718297862.9321988, -87.86, 544.64, 451.72
1718297862.9413645, -87.86, 544.64, 451.72
1718297862.9507954, -87.86, 544.64, 451.72
1718297862.959661, -87.86, 544.64, 451.72
1718297862.9690316, -87.86, 544.64, 451.72
1718297862.977924, -87.86, 544.64, 451.72
1718297862.9870574, -88.78, 543.72, 479.32
1718297862.99646, -88.78, 543.72, 479.32
1718297863.0053556, -88.78, 543.72, 479.32
1718297863.015067, -88.78, 543.72, 479.32
1718297863.0241976, -88.78, 543.72, 479.32
1718297863.0325286, -88.78, 543.72, 479.32
1718297863.040646, -88.78, 543.72, 479.32
1718297863.0486028, -88.78, 543.72, 479.32
1718297863.05655, -88.78, 543.72, 479.32
1718297863.0644968, -88.78, 543.72, 479.32
1718297863.072445, -88.78, 543.72, 479.32
1718297863.08042, -88.78, 543.72, 479.32
1718297863.088385, -88.78, 543.72, 479.32
1718297863.0963867, -88.78, 543.72, 479.32
1718297863.1043513, -88.78, 543.72, 479.32
1718297863.1122985, -86.94, 544.64, 495.88
1718297863.1202443, -86.94, 544.64, 495.88
1718297863.1281908, -86.94, 544.64, 495.88
1718297863.1361313, -86.94, 544.64, 495.88
1718297863.1441283, -86.94, 544.64, 495.88
1718297863.1521454, -86.94, 544.64, 495.88
1718297863.1601477, -86.94, 544.64, 495.88
1718297863.1681478, -86.94, 544.64, 495.88
1718297863.1761465, -86.94, 544.64, 495.88
1718297863.1841462, -85.10000000000001, 544.64, 548.32
1718297863.1921911, -85.10000000000001, 544.64, 548.32
1718297863.2001982, -85.10000000000001, 544.64, 548.32
1718297863.2082, -85.10000000000001, 544.64, 548.32
1718297863.2162163, -85.10000000000001, 544.64, 548.32
1718297863.2242234, -85.10000000000001, 544.64, 548.32
1718297863.232224, -85.10000000000001, 544.64, 548.32
1718297863.2402546, -85.10000000000001, 544.64, 548.32
1718297863.2482586, -85.10000000000001, 544.64, 548.32
1718297863.256261, -85.10000000000001, 544.64, 548.32
1718297863.2642665, -85.10000000000001, 544.64, 548.32
1718297863.272337, -85.10000000000001, 544.64, 548.32
1718297863.2803795, -85.10000000000001, 544.64, 548.32
1718297863.2884097, -85.10000000000001, 544.64, 548.32
1718297863.2964747, -85.10000000000001, 544.64, 548.32
1718297863.3044996, -85.10000000000001, 544.64, 548.32
1718297863.3125367, -86.02000000000001, 543.72, 543.72
1718297863.3205612, -86.02000000000001, 543.72, 543.72
1718297863.3285723, -86.02000000000001, 543.72, 543.72
1718297863.3365765, -86.02000000000001, 543.72, 543.72
1718297863.344623, -86.02000000000001, 543.72, 543.72
1718297863.3526292, -86.02000000000001, 543.72, 543.72
1718297863.3606346, -86.02000000000001, 543.72, 543.72
1718297863.3686383, -86.02000000000001, 543.72, 543.72
1718297863.376645, -86.02000000000001, 543.72, 543.72
1718297863.3846471, -86.02000000000001, 543.72, 543.72
1718297863.392649, -86.02000000000001, 543.72, 543.72
1718297863.4006495, -86.02000000000001, 543.72, 543.72
1718297863.4086485, -86.02000000000001, 543.72, 543.72
1718297863.4166484, -86.02000000000001, 543.72, 543.72
1718297863.424647, -86.02000000000001, 543.72, 543.72
1718297863.4326472, -86.02000000000001, 543.72, 543.72
1718297863.4406466, -86.02000000000001, 543.72, 543.72
1718297863.4486778, -86.02000000000001, 543.72, 543.72
1718297863.4566894, -86.02000000000001, 543.72, 543.72
1718297863.464691, -86.02000000000001, 543.72, 543.72
1718297863.4726856, -86.02000000000001, 543.72, 543.72
1718297863.4806843, -86.02000000000001, 543.72, 543.72
1718297863.488683, -86.02000000000001, 543.72, 543.72
1718297863.4966772, -86.02000000000001, 543.72, 543.72
1718297863.5046794, -86.02000000000001, 543.72, 543.72
1718297863.512677, -92.46000000000001, 545.5600000000001, 542.8000000000001
1718297863.520687, -92.46000000000001, 545.5600000000001, 542.8000000000001
1718297863.5286927, -92.46000000000001, 545.5600000000001, 542.8000000000001
1718297863.5366971, -92.46000000000001, 545.5600000000001, 542.8000000000001
1718297863.5447106, -92.46000000000001, 545.5600000000001, 542.8000000000001
1718297863.5527184, -92.46000000000001, 545.5600000000001, 542.8000000000001
1718297863.560732, -92.46000000000001, 545.5600000000001, 542.8000000000001
1718297863.5687375, -92.46000000000001, 545.5600000000001, 542.8000000000001
1718297863.5767405, -92.46000000000001, 545.5600000000001, 542.8000000000001
1718297863.5847445, -92.46000000000001, 545.5600000000001, 542.8000000000001
1718297863.5927534, -92.46000000000001, 545.5600000000001, 542.8000000000001
1718297863.6007583, -92.46000000000001, 545.5600000000001, 542.8000000000001
1718297863.608761, -92.46000000000001, 545.5600000000001, 542.8000000000001
1718297863.6167626, -92.46000000000001, 545.5600000000001, 542.8000000000001
1718297863.6247673, -92.46000000000001, 545.5600000000001, 542.8000000000001
1718297863.6327708, -92.46000000000001, 545.5600000000001, 542.8000000000001
1718297863.640782, -92.46000000000001, 545.5600000000001, 542.8000000000001
1718297863.6488159, -88.78, 545.5600000000001, 532.6800000000001
1718297863.6568246, -88.78, 545.5600000000001, 532.6800000000001
1718297863.6648273, -88.78, 545.5600000000001, 532.6800000000001
1718297863.6728392, -88.78, 545.5600000000001, 532.6800000000001
1718297863.6808476, -88.78, 545.5600000000001, 532.6800000000001
1718297863.6888566, -88.78, 545.5600000000001, 532.6800000000001
1718297863.696861, -88.78, 545.5600000000001, 532.6800000000001
1718297863.704872, -88.78, 545.5600000000001, 532.6800000000001
1718297863.7128742, -88.78, 545.5600000000001, 532.6800000000001
1718297863.720883, -88.78, 545.5600000000001, 532.6800000000001
1718297863.7288818, -88.78, 545.5600000000001, 532.6800000000001
1718297863.7368824, -88.78, 545.5600000000001, 532.6800000000001
1718297863.7448843, -88.78, 545.5600000000001, 532.6800000000001
1718297863.7529097, -88.78, 545.5600000000001, 532.6800000000001
1718297863.7609158, -88.78, 545.5600000000001, 532.6800000000001
