1718297986.752819, -354.66, 437.92, 581.44
1718297986.760805, -354.66, 437.92, 581.44
1718297986.768734, -354.66, 437.92, 581.44
1718297986.7764997, -354.66, 437.92, 581.44
1718297986.7842526, -354.66, 437.92, 581.44
1718297986.7920122, -354.66, 437.92, 581.44
1718297986.7997658, -360.18, 426.88, 513.36
1718297986.8075197, -360.18, 426.88, 513.36
1718297986.8152692, -360.18, 426.88, 513.36
1718297986.8230212, -360.18, 426.88, 513.36
1718297986.830767, -360.18, 426.88, 513.36
1718297986.8385124, -360.18, 426.88, 513.36
1718297986.8462646, -360.18, 426.88, 513.36
1718297986.8540158, -360.18, 426.88, 513.36
1718297986.8617628, -360.18, 423.20000000000005, 576.84
1718297986.86951, -360.18, 423.20000000000005, 576.84
1718297986.8772638, -360.18, 423.20000000000005, 576.84
1718297986.8850148, -360.18, 423.20000000000005, 576.84
1718297986.8927608, -360.18, 423.20000000000005, 576.84
1718297986.900516, -360.18, 423.20000000000005, 576.84
1718297986.9082613, -360.18, 423.20000000000005, 576.84
1718297986.9160109, -360.18, 423.20000000000005, 576.84
1718297986.9237592, -360.18, 423.20000000000005, 576.84
1718297986.9315038, -360.18, 423.20000000000005, 576.84
1718297986.93925, -360.18, 423.20000000000005, 576.84
1718297986.9469955, -360.18, 423.20000000000005, 576.84
1718297986.9547415, -360.18, 423.20000000000005, 576.84
1718297986.9625487, -360.18, 423.20000000000005, 576.84
1718297986.9704027, -360.18, 423.20000000000005, 576.84
1718297986.978253, -360.18, 423.20000000000005, 576.84
1718297986.986092, -360.18, 423.20000000000005, 576.84
1718297986.9939294, -360.18, 423.20000000000005, 576.84
1718297987.0017655, -360.18, 423.20000000000005, 576.84
1718297987.0096161, -360.18, 423.20000000000005, 576.84
1718297987.0174544, -360.18, 423.20000000000005, 576.84
1718297987.0252912, -360.18, 423.20000000000005, 576.84
1718297987.0331266, -360.18, 423.20000000000005, 576.84
1718297987.0409608, -360.18, 423.20000000000005, 576.84
1718297987.0487938, -360.18, 423.20000000000005, 576.84
1718297987.0566273, -360.18, 423.20000000000005, 576.84
1718297987.0644596, -360.18, 423.20000000000005, 576.84
1718297987.072312, -360.18, 423.20000000000005, 576.84
1718297987.0801494, -360.18, 423.20000000000005, 576.84
1718297987.0879838, -360.18, 423.20000000000005, 576.84
1718297987.0958154, -360.18, 423.20000000000005, 576.84
1718297987.10365, -360.18, 423.20000000000005, 576.84
1718297987.1114812, -360.18, 423.20000000000005, 576.84
1718297987.1193123, -360.18, 423.20000000000005, 576.84
1718297987.127144, -360.18, 423.20000000000005, 576.84
1718297987.1349785, -360.18, 423.20000000000005, 576.84
1718297987.14281, -360.18, 423.20000000000005, 576.84
1718297987.1506422, -360.18, 423.20000000000005, 576.84
1718297987.1584737, -360.18, 423.20000000000005, 576.84
1718297987.166307, -360.18, 423.20000000000005, 576.84
1718297987.174155, -360.18, 423.20000000000005, 576.84
1718297987.1819901, -360.18, 423.20000000000005, 576.84
1718297987.1898236, -360.18, 423.20000000000005, 576.84
1718297987.1976724, -360.18, 423.20000000000005, 576.84
1718297987.205507, -360.18, 423.20000000000005, 576.84
1718297987.2133515, -360.18, 423.20000000000005, 576.84
1718297987.22119, -360.18, 423.20000000000005, 576.84
1718297987.2290223, -360.18, 423.20000000000005, 576.84
1718297987.2368536, -360.18, 423.20000000000005, 576.84
1718297987.2446864, -360.18, 423.20000000000005, 576.84
1718297987.2525244, -360.18, 423.20000000000005, 576.84
1718297987.2603636, -360.18, 471.04, 584.2
1718297987.2682009, -319.7, 471.04, 584.2
1718297987.2760365, -319.7, 471.04, 584.2
1718297987.2838736, -319.7, 471.04, 584.2
1718297987.2917068, -319.7, 471.04, 584.2
1718297987.2995386, -319.7, 471.04, 584.2
1718297987.3073726, -319.7, 471.04, 584.2
1718297987.315206, -319.7, 471.04, 584.2
1718297987.323039, -319.7, 471.04, 584.2
1718297987.3308692, -319.7, 471.04, 584.2
1718297987.3387, -319.7, 471.04, 584.2
1718297987.3465319, -319.7, 471.04, 584.2
1718297987.3543627, -319.7, 471.04, 584.2
1718297987.36219, -319.7, 471.04, 584.2
1718297987.3700178, -319.7, 471.04, 584.2
1718297987.3778493, -319.7, 471.04, 584.2
1718297987.385699, -319.7, 471.04, 584.2
1718297987.3935323, -98.9, 467.36, 500.48
1718297987.4013643, -334.42, 467.36, 500.48
1718297987.4091942, -334.42, 467.36, 500.48
1718297987.4170218, -334.42, 467.36, 500.48
1718297987.424847, -334.42, 467.36, 500.48
1718297987.432673, -334.42, 467.36, 500.48
1718297987.4404974, -334.42, 467.36, 500.48
1718297987.4483368, -334.42, 467.36, 500.48
1718297987.4561632, -334.42, 467.36, 500.48
1718297987.4639902, -345.46000000000004, 454.48, 586.0400000000001
1718297987.471819, -345.46000000000004, 454.48, 586.0400000000001
1718297987.4796498, -345.46000000000004, 454.48, 586.0400000000001
1718297987.4874923, -345.46000000000004, 454.48, 586.0400000000001
1718297987.4953334, -345.46000000000004, 454.48, 586.0400000000001
1718297987.5031698, -345.46000000000004, 454.48, 586.0400000000001
1718297987.5110085, -345.46000000000004, 454.48, 586.0400000000001
1718297987.518848, -345.46000000000004, 454.48, 586.0400000000001
1718297987.526682, -350.98, 442.52000000000004, 579.6
1718297987.5345118, -350.98, 442.52000000000004, 579.6
1718297987.542345, -350.98, 442.52000000000004, 579.6
1718297987.5501726, -350.98, 442.52000000000004, 579.6
1718297987.558, -350.98, 442.52000000000004, 579.6
1718297987.5658326, -350.98, 442.52000000000004, 579.6
1718297987.5736809, -350.98, 442.52000000000004, 579.6
1718297987.5815096, -350.98, 442.52000000000004, 579.6
1718297987.5893373, -350.98, 442.52000000000004, 579.6
1718297987.5971656, -352.82, 435.16, 533.6
1718297987.6049979, -352.82, 435.16, 533.6
1718297987.6128263, -352.82, 435.16, 533.6
1718297987.6206713, -352.82, 435.16, 533.6
1718297987.6285074, -352.82, 435.16, 533.6
1718297987.6363425, -352.82, 435.16, 533.6
1718297987.6441834, -352.82, 435.16, 533.6
1718297987.6520112, -352.82, 435.16, 533.6
1718297987.6598372, -349.14000000000004, 442.52000000000004, 496.8
1718297987.6676688, -349.14000000000004, 442.52000000000004, 496.8
1718297987.6755018, -349.14000000000004, 442.52000000000004, 496.8
1718297987.683357, -349.14000000000004, 442.52000000000004, 496.8
1718297987.6911883, -349.14000000000004, 442.52000000000004, 496.8
1718297987.699021, -349.14000000000004, 442.52000000000004, 496.8
1718297987.706851, -349.14000000000004, 442.52000000000004, 496.8
1718297987.714679, -349.14000000000004, 442.52000000000004, 496.8
1718297987.7225077, -349.14000000000004, 442.52000000000004, 496.8
1718297987.7303362, -333.5, 459.08000000000004, 608.12
1718297987.738173, -333.5, 459.08000000000004, 608.12
1718297987.7460082, -333.5, 459.08000000000004, 608.12
1718297987.7538412, -333.5, 459.08000000000004, 608.12
1718297987.7617414, -333.5, 459.08000000000004, 608.12
1718297987.7695746, -333.5, 459.08000000000004, 608.12
1718297987.7774234, -333.5, 459.08000000000004, 608.12
1718297987.7852552, -333.5, 459.08000000000004, 608.12
1718297987.7930841, -307.74, 481.16, 586.96
1718297987.800919, -307.74, 481.16, 586.96
1718297987.8087509, -307.74, 481.16, 586.96
1718297987.816583, -307.74, 481.16, 586.96
1718297987.8244321, -307.74, 481.16, 586.96
1718297987.8322682, -307.74, 481.16, 586.96
1718297987.8400981, -307.74, 481.16, 586.96
1718297987.8479254, -307.74, 481.16, 586.96
1718297987.8557603, -307.74, 481.16, 586.96
1718297987.863599, -280.14, 499.56, 590.64
1718297987.8714347, -280.14, 499.56, 590.64
1718297987.879273, -280.14, 499.56, 590.64
1718297987.8871026, -280.14, 499.56, 590.64
1718297987.8949275, -280.14, 499.56, 590.64
1718297987.9027545, -280.14, 499.56, 590.64
1718297987.9105809, -280.14, 499.56, 590.64
1718297987.9184563, -280.14, 499.56, 590.64
1718297987.9262848, -257.14, 517.96, 592.48
1718297987.9341156, -257.14, 517.96, 592.48
1718297987.9419494, -257.14, 517.96, 592.48
1718297987.9497912, -257.14, 517.96, 592.48
1718297987.957641, -257.14, 517.96, 592.48
1718297987.9654713, -257.14, 517.96, 592.48
1718297987.973303, -257.14, 517.96, 592.48
1718297987.9811325, -257.14, 517.96, 592.48
1718297987.9889638, -257.14, 517.96, 592.48
1718297987.996797, -250.70000000000002, 526.24, 653.2
1718297988.0046349, -250.70000000000002, 526.24, 653.2
1718297988.012663, -250.70000000000002, 526.24, 653.2
1718297988.0205057, -250.70000000000002, 526.24, 653.2
1718297988.0283399, -250.70000000000002, 526.24, 653.2
1718297988.036174, -250.70000000000002, 526.24, 653.2
1718297988.0440054, -250.70000000000002, 526.24, 653.2
1718297988.0518386, -250.70000000000002, 526.24, 653.2
1718297988.0596719, -248.86, 534.52, 567.64
1718297988.0675097, -248.86, 534.52, 567.64
1718297988.0753434, -248.86, 534.52, 567.64
1718297988.0831776, -248.86, 534.52, 567.64
1718297988.0910077, -248.86, 534.52, 567.64
1718297988.0988448, -248.86, 534.52, 567.64
1718297988.1066763, -248.86, 534.52, 567.64
1718297988.114506, -248.86, 534.52, 567.64
1718297988.1223414, -248.86, 534.52, 567.64
1718297988.1301742, -257.14, 540.0400000000001, 569.48
1718297988.1380122, -257.14, 540.0400000000001, 569.48
1718297988.1458464, -257.14, 540.0400000000001, 569.48
1718297988.1536944, -257.14, 540.0400000000001, 569.48
1718297988.1615279, -257.14, 540.0400000000001, 569.48
1718297988.1694183, -257.14, 540.0400000000001, 569.48
1718297988.1772723, -257.14, 540.0400000000001, 569.48
1718297988.1851127, -257.14, 540.0400000000001, 569.48
1718297988.1929462, -257.14, 540.0400000000001, 569.48
1718297988.2007825, -257.14, 540.0400000000001, 569.48
1718297988.208617, -257.14, 540.0400000000001, 569.48
1718297988.2164476, -257.14, 540.0400000000001, 569.48
1718297988.2242973, -257.14, 540.0400000000001, 569.48
1718297988.23213, -257.14, 540.0400000000001, 569.48
1718297988.2399635, -257.14, 540.0400000000001, 569.48
1718297988.2477942, -257.14, 540.0400000000001, 569.48
1718297988.2556255, -257.14, 540.0400000000001, 569.48
1718297988.2634637, -272.78000000000003, 540.0400000000001, 477.48
1718297988.2713022, -272.78000000000003, 540.0400000000001, 477.48
1718297988.279134, -272.78000000000003, 540.0400000000001, 477.48
1718297988.2869642, -272.78000000000003, 540.0400000000001, 477.48
1718297988.2947967, -272.78000000000003, 540.0400000000001, 477.48
1718297988.3026297, -272.78000000000003, 540.0400000000001, 477.48
1718297988.3104646, -272.78000000000003, 540.0400000000001, 477.48
1718297988.3183012, -272.78000000000003, 540.0400000000001, 477.48
1718297988.3261569, -272.78000000000003, 540.0400000000001, 477.48
1718297988.3339958, -272.78000000000003, 540.0400000000001, 477.48
1718297988.3418255, -272.78000000000003, 540.0400000000001, 477.48
1718297988.34967, -272.78000000000003, 540.0400000000001, 477.48
1718297988.3575013, -272.78000000000003, 540.0400000000001, 477.48
1718297988.3653378, -272.78000000000003, 540.0400000000001, 477.48
1718297988.3731697, -272.78000000000003, 540.0400000000001, 477.48
1718297988.381004, -272.78000000000003, 540.0400000000001, 477.48
1718297988.388839, -272.78000000000003, 540.0400000000001, 477.48
1718297988.3966713, -272.78000000000003, 540.0400000000001, 477.48
1718297988.4045045, -272.78000000000003, 540.0400000000001, 477.48
1718297988.4123387, -272.78000000000003, 540.0400000000001, 477.48
1718297988.420171, -272.78000000000003, 540.0400000000001, 477.48
1718297988.428003, -272.78000000000003, 540.0400000000001, 477.48
1718297988.4358351, -272.78000000000003, 540.0400000000001, 477.48
1718297988.443666, -272.78000000000003, 540.0400000000001, 477.48
1718297988.451499, -272.78000000000003, 540.0400000000001, 477.48
1718297988.4593344, -272.78000000000003, 540.0400000000001, 477.48
1718297988.4671671, -272.78000000000003, 540.0400000000001, 477.48
1718297988.4750156, -272.78000000000003, 540.0400000000001, 477.48
1718297988.482849, -272.78000000000003, 540.0400000000001, 477.48
1718297988.490679, -272.78000000000003, 540.0400000000001, 477.48
1718297988.498508, -272.78000000000003, 540.0400000000001, 477.48
1718297988.5063376, -272.78000000000003, 540.0400000000001, 477.48
1718297988.5141687, -272.78000000000003, 540.0400000000001, 477.48
1718297988.5220006, -272.78000000000003, 540.0400000000001, 477.48
1718297988.529832, -272.78000000000003, 540.0400000000001, 477.48
1718297988.537675, -272.78000000000003, 540.0400000000001, 477.48
1718297988.5455074, -272.78000000000003, 540.0400000000001, 477.48
1718297988.5533395, -272.78000000000003, 540.0400000000001, 477.48
1718297988.5611699, -272.78000000000003, 540.0400000000001, 477.48
1718297988.5690098, -272.78000000000003, 540.0400000000001, 477.48
1718297988.5768456, -272.78000000000003, 540.0400000000001, 477.48
1718297988.5846827, -272.78000000000003, 540.0400000000001, 477.48
1718297988.5925152, -272.78000000000003, 540.0400000000001, 477.48
1718297988.6003478, -272.78000000000003, 540.0400000000001, 477.48
1718297988.6081934, -272.78000000000003, 540.0400000000001, 477.48
1718297988.6160288, -272.78000000000003, 540.0400000000001, 477.48
1718297988.6238608, -272.78000000000003, 540.0400000000001, 477.48
1718297988.6316907, -272.78000000000003, 540.0400000000001, 477.48
1718297988.6395233, -272.78000000000003, 540.0400000000001, 477.48
1718297988.6473782, -272.78000000000003, 540.0400000000001, 477.48
1718297988.655208, -272.78000000000003, 540.0400000000001, 477.48
1718297988.6630373, -272.78000000000003, 540.0400000000001, 477.48
1718297988.6708746, -272.78000000000003, 540.0400000000001, 477.48
1718297988.6787064, -272.78000000000003, 540.0400000000001, 477.48
1718297988.686542, -272.78000000000003, 540.0400000000001, 477.48
1718297988.694373, -272.78000000000003, 540.0400000000001, 477.48
1718297988.7022057, -272.78000000000003, 540.0400000000001, 477.48
1718297988.7100406, -272.78000000000003, 540.0400000000001, 477.48
1718297988.7178729, -272.78000000000003, 540.0400000000001, 477.48
1718297988.7257218, -272.78000000000003, 540.0400000000001, 477.48
1718297988.7335582, -272.78000000000003, 540.0400000000001, 477.48
1718297988.741404, -272.78000000000003, 540.0400000000001, 477.48
1718297988.7492456, -272.78000000000003, 540.0400000000001, 477.48
1718297988.7570753, -272.78000000000003, 540.0400000000001, 477.48
1718297988.764915, -272.78000000000003, 540.0400000000001, 477.48
1718297988.7727523, -272.78000000000003, 540.0400000000001, 477.48
1718297988.7805858, -272.78000000000003, 540.0400000000001, 477.48
1718297988.7884216, -272.78000000000003, 540.0400000000001, 477.48
1718297988.7962558, -272.78000000000003, 540.0400000000001, 477.48
1718297988.8040884, -272.78000000000003, 540.0400000000001, 477.48
1718297988.8119187, -272.78000000000003, 540.0400000000001, 477.48
1718297988.8197484, -272.78000000000003, 540.0400000000001, 477.48
1718297988.82758, -272.78000000000003, 540.0400000000001, 477.48
1718297988.8354135, -272.78000000000003, 540.0400000000001, 477.48
1718297988.8432488, -272.78000000000003, 540.0400000000001, 477.48
1718297988.8510807, -272.78000000000003, 540.0400000000001, 477.48
1718297988.8589203, -272.78000000000003, 540.0400000000001, 477.48
1718297988.8667552, -272.78000000000003, 540.0400000000001, 477.48
1718297988.874589, -272.78000000000003, 540.0400000000001, 477.48
1718297988.8824692, -272.78000000000003, 540.0400000000001, 477.48
1718297988.8903112, -272.78000000000003, 540.0400000000001, 477.48
1718297988.89815, -272.78000000000003, 540.0400000000001, 477.48
1718297988.9059842, -272.78000000000003, 540.0400000000001, 477.48
1718297988.9138186, -272.78000000000003, 540.0400000000001, 477.48
1718297988.9216235, -272.78000000000003, 540.0400000000001, 477.48
1718297988.9293811, -272.78000000000003, 540.0400000000001, 477.48
1718297988.9371266, -272.78000000000003, 540.0400000000001, 477.48
1718297988.944871, -272.78000000000003, 540.0400000000001, 477.48
1718297988.952613, -272.78000000000003, 540.0400000000001, 477.48
1718297988.9603543, -272.78000000000003, 540.0400000000001, 477.48
1718297988.9680977, -272.78000000000003, 540.0400000000001, 477.48
1718297988.9758456, -272.78000000000003, 540.0400000000001, 477.48
1718297988.9835935, -272.78000000000003, 540.0400000000001, 477.48
1718297988.9913368, -272.78000000000003, 540.0400000000001, 477.48
1718297988.99908, -272.78000000000003, 540.0400000000001, 477.48
1718297989.0068243, -272.78000000000003, 540.0400000000001, 477.48
1718297989.0145676, -272.78000000000003, 540.0400000000001, 477.48
1718297989.0223155, -272.78000000000003, 540.0400000000001, 477.48
1718297989.030208, -272.78000000000003, 540.0400000000001, 477.48
1718297989.0379517, -272.78000000000003, 540.0400000000001, 477.48
1718297989.0457013, -272.78000000000003, 540.0400000000001, 477.48
1718297989.0534554, -272.78000000000003, 540.0400000000001, 477.48
1718297989.0611992, -272.78000000000003, 540.0400000000001, 477.48
1718297989.068942, -272.78000000000003, 540.0400000000001, 477.48
1718297989.076685, -272.78000000000003, 540.0400000000001, 477.48
1718297989.0844293, -272.78000000000003, 540.0400000000001, 477.48
1718297989.0921712, -272.78000000000003, 540.0400000000001, 477.48
1718297989.0999146, -272.78000000000003, 540.0400000000001, 477.48
1718297989.1076546, -272.78000000000003, 540.0400000000001, 477.48
1718297989.1154032, -272.78000000000003, 540.0400000000001, 477.48
1718297989.1231556, -292.1, 566.72, 569.48
1718297989.1309059, -292.1, 566.72, 569.48
1718297989.13865, -292.1, 566.72, 569.48
1718297989.146403, -292.1, 566.72, 569.48
1718297989.1541438, -292.1, 566.72, 569.48
1718297989.1618834, -292.1, 566.72, 569.48
1718297989.169644, -292.1, 566.72, 569.48
1718297989.1773841, -292.1, 566.72, 569.48
1718297989.1851304, -292.1, 566.72, 569.48
1718297989.1928742, -292.1, 567.64, 576.84
1718297989.2006187, -292.1, 567.64, 576.84
1718297989.2083611, -292.1, 567.64, 576.84
1718297989.2161047, -292.1, 567.64, 576.84
1718297989.2238462, -292.1, 567.64, 576.84
1718297989.2315874, -292.1, 567.64, 576.84
1718297989.2393377, -292.1, 567.64, 576.84
1718297989.2470815, -292.1, 567.64, 576.84
1718297989.254827, -293.02000000000004, 567.64, 556.6
1718297989.2625792, -293.02000000000004, 567.64, 556.6
1718297989.2703247, -293.02000000000004, 567.64, 556.6
1718297989.278084, -293.02000000000004, 567.64, 556.6
1718297989.2858284, -293.02000000000004, 567.64, 556.6
1718297989.2935703, -293.02000000000004, 567.64, 556.6
1718297989.3013282, -293.02000000000004, 567.64, 556.6
1718297989.3090675, -293.02000000000004, 567.64, 556.6
1718297989.316809, -293.02000000000004, 567.64, 556.6
1718297989.324553, -293.02000000000004, 567.64, 556.6
1718297989.3323295, -293.02000000000004, 567.64, 556.6
1718297989.3400726, -293.02000000000004, 567.64, 556.6
1718297989.3478172, -293.02000000000004, 567.64, 556.6
1718297989.3555574, -293.02000000000004, 567.64, 556.6
1718297989.363303, -293.02000000000004, 567.64, 556.6
1718297989.3710601, -293.02000000000004, 567.64, 556.6
1718297989.3788035, -293.02000000000004, 567.64, 556.6
1718297989.3865483, -293.02000000000004, 567.64, 556.6
1718297989.3942919, -293.02000000000004, 567.64, 556.6
1718297989.4020333, -293.02000000000004, 567.64, 556.6
1718297989.409775, -293.02000000000004, 567.64, 556.6
1718297989.4175155, -293.02000000000004, 567.64, 556.6
1718297989.425259, -293.02000000000004, 567.64, 556.6
1718297989.4330006, -293.02000000000004, 567.64, 556.6
1718297989.4407418, -293.02000000000004, 567.64, 556.6
1718297989.448483, -293.02000000000004, 567.64, 556.6
1718297989.456243, -293.02000000000004, 567.64, 556.6
1718297989.4639928, -293.02000000000004, 567.64, 556.6
1718297989.471735, -293.02000000000004, 567.64, 556.6
1718297989.4794753, -293.02000000000004, 567.64, 556.6
1718297989.48722, -293.02000000000004, 567.64, 556.6
1718297989.4949617, -293.02000000000004, 567.64, 556.6
1718297989.5027022, -293.02000000000004, 567.64, 556.6
1718297989.5104494, -293.02000000000004, 567.64, 556.6
1718297989.5181937, -293.02000000000004, 567.64, 556.6
1718297989.5259376, -304.98, 550.16, 525.32
1718297989.5336833, -304.98, 550.16, 525.32
1718297989.541423, -304.98, 550.16, 525.32
1718297989.5491645, -304.98, 550.16, 525.32
1718297989.5569062, -304.98, 550.16, 525.32
1718297989.564648, -304.98, 550.16, 525.32
1718297989.5723894, -304.98, 550.16, 525.32
1718297989.5801294, -304.98, 550.16, 525.32
1718297989.5878725, -310.5, 544.64, 577.76
1718297989.5956168, -310.5, 544.64, 577.76
1718297989.6033738, -310.5, 544.64, 577.76
1718297989.611115, -310.5, 544.64, 577.76
1718297989.6188598, -310.5, 544.64, 577.76
1718297989.626604, -310.5, 544.64, 577.76
1718297989.6343458, -310.5, 544.64, 577.76
1718297989.642087, -310.5, 544.64, 577.76
1718297989.6498272, -310.5, 544.64, 577.76
1718297989.6575663, -314.18, 535.44, 603.52
1718297989.6653225, -314.18, 535.44, 603.52
1718297989.673061, -314.18, 535.44, 603.52
1718297989.6807997, -314.18, 535.44, 603.52
1718297989.6885397, -314.18, 535.44, 603.52
1718297989.6962793, -314.18, 535.44, 603.52
1718297989.7040184, -314.18, 535.44, 603.52
1718297989.7117574, -314.18, 535.44, 603.52
1718297989.7194965, -314.18, 529.9200000000001, 543.72
1718297989.7272491, -315.1, 529.9200000000001, 543.72
1718297989.734995, -315.1, 529.9200000000001, 543.72
1718297989.7427368, -315.1, 529.9200000000001, 543.72
1718297989.7504816, -315.1, 529.9200000000001, 543.72
1718297989.7582405, -315.1, 529.9200000000001, 543.72
1718297989.765982, -315.1, 529.9200000000001, 543.72
1718297989.7737231, -315.1, 529.9200000000001, 543.72
1718297989.781466, -315.1, 529.9200000000001, 543.72
1718297989.7892096, -315.1, 529.9200000000001, 543.72
1718297989.7969534, -315.1, 529.9200000000001, 543.72
1718297989.8046942, -315.1, 529.9200000000001, 543.72
1718297989.8124373, -315.1, 529.9200000000001, 543.72
1718297989.8201787, -315.1, 529.9200000000001, 543.72
1718297989.82792, -315.1, 529.9200000000001, 543.72
1718297989.8356602, -315.1, 529.9200000000001, 543.72
1718297989.8433998, -315.1, 529.9200000000001, 543.72
1718297989.8511398, -315.1, 529.9200000000001, 543.72
1718297989.858881, -315.1, 529.9200000000001, 543.72
1718297989.8666253, -315.1, 529.9200000000001, 543.72
1718297989.8743672, -315.1, 529.9200000000001, 543.72
1718297989.8821099, -315.1, 529.9200000000001, 543.72
1718297989.889852, -315.1, 529.9200000000001, 543.72
1718297989.8976295, -315.1, 529.9200000000001, 543.72
1718297989.9053767, -315.1, 529.9200000000001, 543.72
1718297989.9131172, -315.1, 529.9200000000001, 543.72
1718297989.9208565, -315.1, 529.9200000000001, 543.72
1718297989.9285958, -315.1, 529.9200000000001, 543.72
1718297989.9363375, -315.1, 529.9200000000001, 543.72
1718297989.944082, -315.1, 529.9200000000001, 543.72
1718297989.9518244, -315.1, 529.9200000000001, 543.72
1718297989.9595628, -315.1, 529.9200000000001, 543.72
1718297989.9673066, -315.1, 529.9200000000001, 543.72
1718297989.9750469, -315.1, 529.9200000000001, 543.72
1718297989.9827867, -315.1, 529.9200000000001, 543.72
1718297989.9905267, -300.38, 533.6, 613.64
1718297989.9982696, -300.38, 533.6, 613.64
1718297990.0060122, -300.38, 533.6, 613.64
1718297990.0137532, -300.38, 533.6, 613.64
1718297990.021491, -300.38, 533.6, 613.64
1718297990.0292354, -300.38, 533.6, 613.64
1718297990.0369759, -300.38, 533.6, 613.64
1718297990.0447147, -300.38, 533.6, 613.64
1718297990.0524518, -293.94, 532.6800000000001, 529.9200000000001
1718297990.0601916, -293.94, 532.6800000000001, 529.9200000000001
1718297990.0679333, -293.94, 532.6800000000001, 529.9200000000001
1718297990.075673, -293.94, 532.6800000000001, 529.9200000000001
1718297990.0834126, -293.94, 532.6800000000001, 529.9200000000001
1718297990.0911517, -293.94, 532.6800000000001, 529.9200000000001
1718297990.0988915, -293.94, 532.6800000000001, 529.9200000000001
1718297990.1066318, -293.94, 532.6800000000001, 529.9200000000001
1718297990.1143715, -293.94, 532.6800000000001, 529.9200000000001
1718297990.1221116, -293.94, 532.6800000000001, 529.9200000000001
1718297990.1298518, -293.94, 532.6800000000001, 529.9200000000001
1718297990.1376054, -293.94, 532.6800000000001, 529.9200000000001
1718297990.1453464, -293.94, 532.6800000000001, 529.9200000000001
1718297990.1530886, -293.94, 532.6800000000001, 529.9200000000001
1718297990.1608288, -293.94, 532.6800000000001, 529.9200000000001
1718297990.1685686, -293.94, 532.6800000000001, 529.9200000000001
1718297990.1763077, -293.94, 532.6800000000001, 529.9200000000001
1718297990.1840525, -293.94, 532.6800000000001, 529.9200000000001
1718297990.191804, -293.94, 532.6800000000001, 529.9200000000001
1718297990.1995451, -293.94, 532.6800000000001, 529.9200000000001
1718297990.2072835, -293.94, 532.6800000000001, 529.9200000000001
1718297990.2150228, -293.94, 532.6800000000001, 529.9200000000001
1718297990.222941, -293.94, 532.6800000000001, 529.9200000000001
1718297990.2306888, -293.94, 532.6800000000001, 529.9200000000001
1718297990.2384317, -293.94, 532.6800000000001, 529.9200000000001
1718297990.246172, -293.94, 532.6800000000001, 529.9200000000001
1718297990.2539139, -293.94, 532.6800000000001, 529.9200000000001
1718297990.2616553, -293.94, 532.6800000000001, 529.9200000000001
1718297990.2693954, -293.94, 532.6800000000001, 529.9200000000001
1718297990.2771351, -293.94, 532.6800000000001, 529.9200000000001
1718297990.284875, -293.94, 532.6800000000001, 529.9200000000001
1718297990.2926147, -293.94, 532.6800000000001, 529.9200000000001
1718297990.300354, -293.94, 532.6800000000001, 529.9200000000001
1718297990.3080935, -293.94, 532.6800000000001, 529.9200000000001
1718297990.315834, -293.94, 532.6800000000001, 529.9200000000001
1718297990.3235726, -264.5, 530.84, 551.08
1718297990.3313136, -264.5, 530.84, 551.08
1718297990.3390584, -264.5, 530.84, 551.08
1718297990.3467968, -264.5, 530.84, 551.08
1718297990.3545368, -264.5, 530.84, 551.08
1718297990.3622751, -264.5, 530.84, 551.08
1718297990.3700163, -264.5, 530.84, 551.08
1718297990.3777559, -264.5, 530.84, 551.08
1718297990.3854935, -253.46, 532.6800000000001, 602.6
1718297990.3932352, -253.46, 532.6800000000001, 602.6
1718297990.4009755, -253.46, 532.6800000000001, 602.6
1718297990.4087164, -253.46, 532.6800000000001, 602.6
1718297990.4164605, -253.46, 532.6800000000001, 602.6
1718297990.4242294, -253.46, 532.6800000000001, 602.6
1718297990.4319773, -253.46, 532.6800000000001, 602.6
1718297990.4397197, -253.46, 532.6800000000001, 602.6
1718297990.4474597, -253.46, 532.6800000000001, 602.6
1718297990.4552276, -240.58, 539.12, 596.1600000000001
1718297990.462975, -240.58, 539.12, 596.1600000000001
1718297990.4707186, -240.58, 539.12, 596.1600000000001
1718297990.4784608, -240.58, 539.12, 596.1600000000001
1718297990.4862082, -240.58, 539.12, 596.1600000000001
1718297990.493956, -240.58, 539.12, 596.1600000000001
1718297990.5016983, -240.58, 539.12, 596.1600000000001
1718297990.5094373, -240.58, 539.12, 596.1600000000001
1718297990.5171778, -226.78, 548.32, 638.48
1718297990.5249176, -226.78, 548.32, 638.48
1718297990.532658, -226.78, 548.32, 638.48
1718297990.540398, -226.78, 548.32, 638.48
1718297990.54814, -226.78, 548.32, 638.48
1718297990.5558832, -226.78, 548.32, 638.48
1718297990.5636234, -226.78, 548.32, 638.48
1718297990.5713725, -226.78, 548.32, 638.48
1718297990.5791144, -226.78, 548.32, 638.48
1718297990.586854, -226.78, 548.32, 638.48
1718297990.5945947, -226.78, 548.32, 638.48
1718297990.6023352, -226.78, 548.32, 638.48
1718297990.6100938, -226.78, 548.32, 638.48
1718297990.617841, -226.78, 548.32, 638.48
1718297990.6255949, -226.78, 548.32, 638.48
1718297990.6333385, -226.78, 548.32, 638.48
1718297990.6410787, -226.78, 548.32, 638.48
1718297990.6488237, -226.78, 548.32, 638.48
1718297990.6565635, -226.78, 548.32, 638.48
1718297990.664305, -226.78, 548.32, 638.48
1718297990.6720455, -226.78, 548.32, 638.48
1718297990.6797984, -226.78, 548.32, 638.48
1718297990.687541, -226.78, 548.32, 638.48
1718297990.6952858, -226.78, 548.32, 638.48
1718297990.7030292, -226.78, 548.32, 638.48
1718297990.7107718, -226.78, 548.32, 638.48
1718297990.7185137, -226.78, 548.32, 638.48
1718297990.7262561, -226.78, 548.32, 638.48
1718297990.733996, -226.78, 548.32, 638.48
1718297990.7417345, -226.78, 548.32, 638.48
1718297990.7494745, -226.78, 548.32, 638.48
1718297990.757219, -226.78, 548.32, 638.48
1718297990.764961, -226.78, 548.32, 638.48
1718297990.7727027, -226.78, 548.32, 638.48
1718297990.7804425, -226.78, 548.32, 638.48
1718297990.7881832, -157.78, 556.6, 552.0
1718297990.7959297, -157.78, 556.6, 552.0
1718297990.803672, -157.78, 556.6, 552.0
1718297990.8114133, -157.78, 556.6, 552.0
1718297990.8191628, -157.78, 556.6, 552.0
1718297990.8269072, -157.78, 556.6, 552.0
1718297990.834649, -157.78, 556.6, 552.0
1718297990.8423903, -157.78, 556.6, 552.0
1718297990.8501318, -139.38, 558.44, 597.08
1718297990.8578742, -139.38, 558.44, 597.08
1718297990.8656337, -139.38, 558.44, 597.08
1718297990.8733747, -139.38, 558.44, 597.08
1718297990.8811154, -139.38, 558.44, 597.08
1718297990.8888602, -139.38, 558.44, 597.08
1718297990.8966033, -139.38, 558.44, 597.08
1718297990.9043455, -139.38, 558.44, 597.08
1718297990.9120898, -139.38, 558.44, 597.08
1718297990.919832, -121.9, 559.36, 569.48
1718297990.9276004, -121.9, 559.36, 569.48
1718297990.9353428, -121.9, 559.36, 569.48
1718297990.9430842, -121.9, 559.36, 569.48
1718297990.9508238, -121.9, 559.36, 569.48
1718297990.9585688, -121.9, 559.36, 569.48
1718297990.9663117, -121.9, 559.36, 569.48
1718297990.9740558, -121.9, 559.36, 569.48
1718297990.981797, -121.9, 559.36, 569.48
1718297990.9895368, -121.9, 559.36, 569.48
1718297990.9972792, -121.9, 559.36, 569.48
1718297991.0050209, -121.9, 559.36, 569.48
1718297991.0127616, -121.9, 559.36, 569.48
1718297991.0205061, -121.9, 559.36, 569.48
1718297991.0282507, -121.9, 559.36, 569.48
1718297991.0359933, -121.9, 559.36, 569.48
1718297991.0437326, -121.9, 559.36, 569.48
1718297991.0514739, -121.9, 559.36, 569.48
1718297991.059215, -121.9, 559.36, 569.48
1718297991.0669577, -121.9, 559.36, 569.48
1718297991.0746982, -121.9, 559.36, 569.48
1718297991.0824397, -121.9, 559.36, 569.48
1718297991.0901818, -121.9, 559.36, 569.48
1718297991.0979257, -121.9, 559.36, 569.48
1718297991.1056674, -121.9, 559.36, 569.48
1718297991.113408, -121.9, 559.36, 569.48
1718297991.1211483, -95.22, 557.52, 420.44
1718297991.1288955, -95.22, 557.52, 420.44
1718297991.136637, -95.22, 557.52, 420.44
1718297991.1443768, -95.22, 557.52, 420.44
1718297991.152116, -95.22, 557.52, 420.44
1718297991.1598701, -95.22, 557.52, 420.44
1718297991.1676173, -95.22, 557.52, 420.44
1718297991.1753876, -95.22, 557.52, 420.44
1718297991.183131, -90.62, 557.52, 579.6
1718297991.1908712, -90.62, 557.52, 579.6
1718297991.1986108, -90.62, 557.52, 579.6
1718297991.2063599, -90.62, 557.52, 579.6
1718297991.2141023, -90.62, 557.52, 579.6
1718297991.2218506, -90.62, 557.52, 579.6
1718297991.2296033, -90.62, 557.52, 579.6
1718297991.237344, -90.62, 557.52, 579.6
1718297991.2450864, -90.62, 557.52, 579.6
1718297991.252894, -86.94, 557.52, 624.6800000000001
1718297991.2607355, -86.94, 557.52, 624.6800000000001
1718297991.2685704, -86.94, 557.52, 624.6800000000001
1718297991.2764015, -86.94, 557.52, 624.6800000000001
1718297991.2842312, -86.94, 557.52, 624.6800000000001
1718297991.2920604, -86.94, 557.52, 624.6800000000001
1718297991.2998898, -86.94, 557.52, 624.6800000000001
1718297991.3077192, -86.94, 557.52, 624.6800000000001
1718297991.3155477, -82.34, 552.9200000000001, 601.6800000000001
1718297991.3233783, -82.34, 552.9200000000001, 601.6800000000001
1718297991.331208, -82.34, 552.9200000000001, 601.6800000000001
1718297991.339035, -82.34, 552.9200000000001, 601.6800000000001
1718297991.3468611, -82.34, 552.9200000000001, 601.6800000000001
1718297991.3546941, -82.34, 552.9200000000001, 601.6800000000001
1718297991.3625257, -82.34, 552.9200000000001, 601.6800000000001
1718297991.3703563, -82.34, 552.9200000000001, 601.6800000000001
1718297991.3781903, -82.34, 552.9200000000001, 601.6800000000001
1718297991.3860228, -79.58, 548.32, 663.32
1718297991.3938568, -79.58, 548.32, 663.32
1718297991.4017086, -79.58, 548.32, 663.32
1718297991.409539, -79.58, 548.32, 663.32
1718297991.417369, -79.58, 548.32, 663.32
1718297991.4251971, -79.58, 548.32, 663.32
1718297991.4330258, -79.58, 548.32, 663.32
1718297991.440854, -79.58, 548.32, 663.32
1718297991.4486809, -76.82000000000001, 547.4, 586.96
1718297991.4565144, -76.82000000000001, 547.4, 586.96
1718297991.464348, -76.82000000000001, 547.4, 586.96
1718297991.4721768, -76.82000000000001, 547.4, 586.96
1718297991.480004, -76.82000000000001, 547.4, 586.96
1718297991.4878323, -76.82000000000001, 547.4, 586.96
1718297991.49566, -76.82000000000001, 547.4, 586.96
1718297991.5034897, -76.82000000000001, 547.4, 586.96
1718297991.5113175, -76.82000000000001, 547.4, 586.96
1718297991.519148, -73.14, 542.8000000000001, 589.72
1718297991.5269775, -73.14, 542.8000000000001, 589.72
1718297991.5348067, -73.14, 542.8000000000001, 589.72
1718297991.542788, -73.14, 542.8000000000001, 589.72
1718297991.5506256, -73.14, 542.8000000000001, 589.72
1718297991.5584583, -73.14, 542.8000000000001, 589.72
1718297991.5662925, -73.14, 542.8000000000001, 589.72
1718297991.5741196, -73.14, 542.8000000000001, 589.72
1718297991.5819478, -68.54, 539.12, 570.4
1718297991.5897775, -68.54, 539.12, 570.4
1718297991.5976183, -68.54, 539.12, 570.4
1718297991.605448, -68.54, 539.12, 570.4
1718297991.613278, -68.54, 539.12, 570.4
1718297991.6211088, -68.54, 539.12, 570.4
1718297991.6289387, -68.54, 539.12, 570.4
1718297991.6367662, -68.54, 539.12, 570.4
1718297991.6445944, -68.54, 539.12, 570.4
1718297991.6524236, -69.46000000000001, 540.96, 626.52
1718297991.6602552, -69.46000000000001, 540.96, 626.52
1718297991.6680832, -69.46000000000001, 540.96, 626.52
1718297991.6759126, -69.46000000000001, 540.96, 626.52
1718297991.6837454, -69.46000000000001, 540.96, 626.52
1718297991.6915727, -69.46000000000001, 540.96, 626.52
1718297991.699401, -69.46000000000001, 540.96, 626.52
1718297991.7072282, -69.46000000000001, 540.96, 626.52
1718297991.7150567, -68.54, 548.32, 597.08
1718297991.7228882, -68.54, 548.32, 597.08
1718297991.7307167, -68.54, 548.32, 597.08
1718297991.738549, -68.54, 548.32, 597.08
1718297991.7463768, -68.54, 548.32, 597.08
1718297991.754202, -68.54, 548.32, 597.08
1718297991.762032, -68.54, 548.32, 597.08
1718297991.7702053, -68.54, 548.32, 597.08
1718297991.7785249, -68.54, 548.32, 597.08
1718297991.7869036, -68.54, 548.32, 597.08
1718297991.7952075, -68.54, 548.32, 597.08
1718297991.8035114, -68.54, 548.32, 597.08
1718297991.8118124, -68.54, 548.32, 597.08
1718297991.8201075, -68.54, 548.32, 597.08
1718297991.828412, -68.54, 548.32, 597.08
1718297991.8367374, -68.54, 548.32, 597.08
1718297991.8450322, -68.54, 548.32, 597.08
1718297991.8533359, -68.54, 548.32, 597.08
1718297991.8616788, -68.54, 548.32, 597.08
1718297991.8700113, -68.54, 548.32, 597.08
1718297991.878206, -68.54, 548.32, 597.08
1718297991.8863978, -68.54, 548.32, 597.08
1718297991.8945837, -68.54, 548.32, 597.08
1718297991.9027765, -68.54, 548.32, 597.08
1718297991.9109583, -68.54, 548.32, 597.08
1718297991.9191406, -74.98, 550.16, 591.5600000000001
1718297991.9273367, -74.98, 550.16, 591.5600000000001
1718297991.9355257, -74.98, 550.16, 591.5600000000001
1718297991.943709, -74.98, 550.16, 591.5600000000001
1718297991.951895, -74.98, 550.16, 591.5600000000001
1718297991.960077, -74.98, 550.16, 591.5600000000001
1718297991.9682853, -74.98, 550.16, 591.5600000000001
1718297991.976477, -74.98, 550.16, 591.5600000000001
1718297991.984662, -82.34, 553.84, 547.4
1718297991.9928548, -82.34, 553.84, 547.4
1718297992.001043, -82.34, 553.84, 547.4
1718297992.0092335, -82.34, 553.84, 547.4
1718297992.0174224, -82.34, 553.84, 547.4
1718297992.0256383, -82.34, 553.84, 547.4
1718297992.0338628, -82.34, 553.84, 547.4
1718297992.0420544, -82.34, 553.84, 547.4
1718297992.0502393, -82.34, 553.84, 547.4
1718297992.0584342, -82.34, 553.84, 547.4
1718297992.0666215, -82.34, 553.84, 547.4
1718297992.0748277, -82.34, 553.84, 547.4
1718297992.083032, -82.34, 553.84, 547.4
1718297992.0912368, -82.34, 553.84, 547.4
1718297992.0994198, -82.34, 553.84, 547.4
1718297992.107612, -82.34, 553.84, 547.4
1718297992.1157985, -82.34, 553.84, 547.4
1718297992.1239886, -82.34, 553.84, 547.4
1718297992.132168, -82.34, 553.84, 547.4
1718297992.1403537, -82.34, 553.84, 547.4
1718297992.1485372, -82.34, 553.84, 547.4
1718297992.15672, -82.34, 553.84, 547.4
1718297992.1649022, -82.34, 553.84, 547.4
1718297992.173094, -82.34, 553.84, 547.4
1718297992.1812818, -82.34, 553.84, 547.4
1718297992.189484, -82.34, 553.84, 547.4
1718297992.1977053, -82.34, 553.84, 547.4
1718297992.2058966, -82.34, 553.84, 547.4
1718297992.2140968, -82.34, 553.84, 547.4
1718297992.2222927, -82.34, 553.84, 547.4
1718297992.2304788, -82.34, 553.84, 547.4
1718297992.2386677, -82.34, 553.84, 547.4
1718297992.2468565, -97.06, 559.36, 596.1600000000001
1718297992.2550488, -97.06, 559.36, 596.1600000000001
1718297992.263245, -97.06, 559.36, 596.1600000000001
1718297992.2715535, -97.06, 559.36, 596.1600000000001
1718297992.2797616, -97.06, 559.36, 596.1600000000001
1718297992.2879584, -97.06, 559.36, 596.1600000000001
1718297992.2961516, -97.06, 559.36, 596.1600000000001
1718297992.304338, -97.06, 559.36, 596.1600000000001
1718297992.3125362, -98.9, 559.36, 575.9200000000001
1718297992.3207304, -98.9, 559.36, 575.9200000000001
1718297992.3289165, -98.9, 559.36, 575.9200000000001
1718297992.3371024, -98.9, 559.36, 575.9200000000001
1718297992.3452876, -98.9, 559.36, 575.9200000000001
1718297992.3534756, -98.9, 559.36, 575.9200000000001
1718297992.3616931, -98.9, 559.36, 575.9200000000001
1718297992.3698852, -98.9, 559.36, 575.9200000000001
1718297992.378101, -98.9, 559.36, 575.9200000000001
1718297992.3862882, -98.9, 559.36, 575.9200000000001
1718297992.3944771, -98.9, 559.36, 575.9200000000001
1718297992.4026678, -98.9, 559.36, 575.9200000000001
1718297992.4108572, -98.9, 559.36, 575.9200000000001
1718297992.419046, -98.9, 559.36, 575.9200000000001
1718297992.427232, -98.9, 559.36, 575.9200000000001
1718297992.4354188, -98.9, 559.36, 575.9200000000001
1718297992.4436069, -98.9, 559.36, 575.9200000000001
1718297992.4517953, -98.9, 559.36, 575.9200000000001
1718297992.4599812, -98.9, 559.36, 575.9200000000001
1718297992.4681666, -98.9, 559.36, 575.9200000000001
1718297992.4763756, -98.9, 559.36, 575.9200000000001
1718297992.4845922, -98.9, 559.36, 575.9200000000001
1718297992.4927778, -98.9, 559.36, 575.9200000000001
1718297992.500962, -98.9, 559.36, 575.9200000000001
1718297992.509147, -98.9, 559.36, 575.9200000000001
1718297992.5173428, -113.62, 556.6, 519.8000000000001
1718297992.5255342, -113.62, 556.6, 519.8000000000001
1718297992.5336769, -113.62, 556.6, 519.8000000000001
1718297992.5417147, -113.62, 556.6, 519.8000000000001
1718297992.5497432, -113.62, 556.6, 519.8000000000001
1718297992.5577471, -113.62, 556.6, 519.8000000000001
1718297992.565752, -113.62, 556.6, 519.8000000000001
1718297992.5737529, -113.62, 556.6, 519.8000000000001
1718297992.5817564, -113.62, 556.6, 519.8000000000001
1718297992.589769, -113.62, 556.6, 519.8000000000001
1718297992.5977688, -113.62, 556.6, 519.8000000000001
1718297992.605774, -113.62, 556.6, 519.8000000000001
1718297992.6137774, -113.62, 556.6, 519.8000000000001
1718297992.6217847, -113.62, 556.6, 519.8000000000001
1718297992.6297867, -113.62, 556.6, 519.8000000000001
1718297992.6377888, -113.62, 556.6, 519.8000000000001
1718297992.6457918, -109.94, 557.52, 583.28
1718297992.65381, -109.94, 557.52, 583.28
1718297992.6618354, -109.94, 557.52, 583.28
1718297992.6698842, -109.94, 557.52, 583.28
1718297992.6778963, -109.94, 557.52, 583.28
1718297992.6859066, -109.94, 557.52, 583.28
1718297992.6939142, -109.94, 557.52, 583.28
1718297992.70192, -109.94, 557.52, 583.28
1718297992.7099268, -109.94, 557.52, 583.28
1718297992.7179327, -109.94, 557.52, 583.28
1718297992.7259378, -109.94, 557.52, 583.28
1718297992.733941, -109.94, 557.52, 583.28
1718297992.741943, -109.94, 557.52, 583.28
1718297992.7499483, -109.94, 557.52, 583.28
1718297992.7579494, -109.94, 557.52, 583.28
1718297992.7659545, -109.94, 557.52, 583.28
1718297992.7739565, -109.94, 557.52, 583.28
1718297992.781989, -108.10000000000001, 557.52, 552.0
1718297992.790001, -108.10000000000001, 557.52, 552.0
1718297992.79801, -108.10000000000001, 557.52, 552.0
1718297992.8061407, -108.10000000000001, 557.52, 552.0
1718297992.814371, -108.10000000000001, 557.52, 552.0
1718297992.8225794, -108.10000000000001, 557.52, 552.0
1718297992.8307786, -108.10000000000001, 557.52, 552.0
1718297992.838982, -108.10000000000001, 557.52, 552.0
1718297992.8471842, -108.10000000000001, 557.52, 552.0
1718297992.8553836, -108.10000000000001, 557.52, 552.0
1718297992.8635762, -108.10000000000001, 557.52, 552.0
1718297992.8717713, -108.10000000000001, 557.52, 552.0
1718297992.879995, -108.10000000000001, 557.52, 552.0
1718297992.8881912, -108.10000000000001, 557.52, 552.0
1718297992.8963854, -108.10000000000001, 557.52, 552.0
1718297992.9046073, -108.10000000000001, 557.52, 552.0
1718297992.9127986, -108.10000000000001, 557.52, 552.0
1718297992.9212546, -108.10000000000001, 557.52, 552.0
1718297992.9294577, -108.10000000000001, 557.52, 552.0
1718297992.937691, -108.10000000000001, 557.52, 552.0
1718297992.9458876, -108.10000000000001, 557.52, 552.0
1718297992.954081, -108.10000000000001, 557.52, 552.0
1718297992.9622731, -108.10000000000001, 557.52, 552.0
1718297992.9704669, -108.10000000000001, 557.52, 552.0
1718297992.978661, -108.10000000000001, 557.52, 552.0
1718297992.9868574, -108.10000000000001, 557.52, 552.0
1718297992.9950728, -108.10000000000001, 557.52, 552.0
1718297993.0032675, -108.10000000000001, 557.52, 552.0
1718297993.0114627, -108.10000000000001, 557.52, 552.0
1718297993.0196943, -108.10000000000001, 557.52, 552.0
1718297993.027891, -108.10000000000001, 557.52, 552.0
1718297993.0360885, -108.10000000000001, 557.52, 552.0
1718297993.0442786, -144.9, 563.0400000000001, 596.1600000000001
1718297993.0524776, -144.9, 563.0400000000001, 596.1600000000001
1718297993.060599, -144.9, 563.0400000000001, 596.1600000000001
1718297993.0686226, -144.9, 563.0400000000001, 596.1600000000001
1718297993.0769117, -144.9, 563.0400000000001, 596.1600000000001
1718297993.0849676, -144.9, 563.0400000000001, 596.1600000000001
1718297993.0931098, -144.9, 563.0400000000001, 596.1600000000001
1718297993.101138, -144.9, 563.0400000000001, 596.1600000000001
1718297993.1091576, -144.9, 563.0400000000001, 494.04
1718297993.1171737, -154.1, 563.0400000000001, 494.04
1718297993.1251924, -154.1, 563.0400000000001, 494.04
1718297993.133203, -154.1, 563.0400000000001, 494.04
1718297993.1412091, -154.1, 563.0400000000001, 494.04
1718297993.1492195, -154.1, 563.0400000000001, 494.04
1718297993.1573727, -154.1, 563.0400000000001, 494.04
1718297993.1654413, -154.1, 563.0400000000001, 494.04
1718297993.173752, -154.1, 563.0400000000001, 494.04
1718297993.182036, -160.54000000000002, 562.12, 646.76
1718297993.1900692, -160.54000000000002, 562.12, 646.76
1718297993.1980968, -160.54000000000002, 562.12, 646.76
1718297993.206112, -160.54000000000002, 562.12, 646.76
1718297993.214227, -160.54000000000002, 562.12, 646.76
1718297993.22225, -160.54000000000002, 562.12, 646.76
1718297993.2302618, -160.54000000000002, 562.12, 646.76
1718297993.2382638, -160.54000000000002, 562.12, 646.76
1718297993.2462797, -160.54000000000002, 562.12, 646.76
1718297993.2542856, -160.54000000000002, 562.12, 646.76
1718297993.2623756, -160.54000000000002, 562.12, 646.76
1718297993.2703834, -160.54000000000002, 562.12, 646.76
1718297993.278377, -160.54000000000002, 562.12, 646.76
1718297993.286438, -160.54000000000002, 562.12, 646.76
1718297993.294431, -160.54000000000002, 562.12, 646.76
1718297993.302434, -160.54000000000002, 562.12, 646.76
1718297993.3105595, -174.34, 560.28, 562.12
1718297993.3185794, -174.34, 560.28, 562.12
1718297993.3265946, -174.34, 560.28, 562.12
1718297993.334635, -174.34, 560.28, 562.12
1718297993.3426526, -174.34, 560.28, 562.12
1718297993.3506713, -174.34, 560.28, 562.12
1718297993.3586805, -174.34, 560.28, 562.12
1718297993.3666897, -174.34, 560.28, 562.12
1718297993.374688, -174.34, 560.28, 562.12
1718297993.3826892, -174.34, 560.28, 562.12
1718297993.3907077, -174.34, 560.28, 562.12
1718297993.3987086, -174.34, 560.28, 562.12
1718297993.406707, -174.34, 560.28, 562.12
1718297993.4147058, -174.34, 560.28, 562.12
1718297993.42282, -174.34, 560.28, 562.12
1718297993.430823, -174.34, 560.28, 562.12
1718297993.4388185, -174.34, 560.28, 562.12
1718297993.4470253, -190.9, 556.6, 608.12
1718297993.455059, -190.9, 556.6, 608.12
1718297993.4630992, -190.9, 556.6, 608.12
1718297993.47111, -190.9, 556.6, 608.12
1718297993.4794042, -190.9, 556.6, 608.12
1718297993.4876816, -190.9, 556.6, 608.12
1718297993.4958956, -190.9, 556.6, 608.12
1718297993.5040884, -190.9, 556.6, 608.12
1718297993.5122743, -190.9, 556.6, 608.12
1718297993.5204592, -190.9, 556.6, 608.12
1718297993.528667, -190.9, 556.6, 608.12
1718297993.5368483, -190.9, 556.6, 608.12
1718297993.545031, -190.9, 556.6, 608.12
1718297993.5532115, -190.9, 556.6, 608.12
1718297993.5613906, -190.9, 556.6, 608.12
1718297993.56974, -190.9, 556.6, 608.12
1718297993.5779486, -190.9, 556.6, 608.12
1718297993.5861378, -190.9, 556.6, 608.12
1718297993.5944574, -190.9, 556.6, 608.12
1718297993.6027992, -190.9, 556.6, 608.12
1718297993.6113856, -190.9, 556.6, 608.12
1718297993.6199348, -190.9, 556.6, 608.12
1718297993.628416, -190.9, 556.6, 608.12
1718297993.6366346, -190.9, 556.6, 608.12
1718297993.6448224, -190.9, 556.6, 608.12
1718297993.6530087, -190.9, 556.6, 608.12
1718297993.661189, -190.9, 556.6, 608.12
1718297993.6693711, -190.9, 556.6, 608.12
1718297993.6775582, -190.9, 556.6, 608.12
1718297993.6857677, -190.9, 556.6, 608.12
1718297993.6938138, -190.9, 556.6, 608.12
1718297993.701841, -190.9, 556.6, 608.12
1718297993.709867, -190.9, 556.6, 608.12
1718297993.7178867, -190.9, 556.6, 608.12
1718297993.7259018, -190.9, 556.6, 608.12
1718297993.733913, -190.9, 556.6, 608.12
1718297993.7419243, -190.9, 556.6, 608.12
1718297993.7499332, -190.9, 556.6, 608.12
1718297993.757938, -190.9, 556.6, 608.12
1718297993.7659485, -190.9, 556.6, 608.12
1718297993.7739508, -249.78, 533.6, 606.28
1718297993.7819607, -249.78, 533.6, 606.28
1718297993.7899663, -249.78, 533.6, 606.28
1718297993.7979968, -249.78, 533.6, 606.28
1718297993.8060064, -249.78, 533.6, 606.28
1718297993.814015, -249.78, 533.6, 606.28
1718297993.8220189, -249.78, 533.6, 606.28
1718297993.8300202, -249.78, 533.6, 606.28
1718297993.8380222, -249.78, 533.6, 606.28
1718297993.8460324, -261.74, 528.08, 613.64
1718297993.8540525, -261.74, 528.08, 613.64
1718297993.8620596, -261.74, 528.08, 613.64
1718297993.87006, -261.74, 528.08, 613.64
1718297993.8780699, -261.74, 528.08, 613.64
1718297993.8860726, -261.74, 528.08, 613.64
1718297993.8940759, -261.74, 528.08, 613.64
1718297993.9021018, -261.74, 528.08, 613.64
1718297993.9101038, -261.74, 528.08, 613.64
1718297993.9181058, -261.74, 528.08, 613.64
1718297993.9261105, -261.74, 528.08, 613.64
1718297993.934109, -261.74, 528.08, 613.64
1718297993.9421089, -261.74, 528.08, 613.64
1718297993.9501126, -261.74, 528.08, 613.64
1718297993.9581084, -261.74, 528.08, 613.64
1718297993.9661171, -261.74, 528.08, 613.64
1718297993.9741263, -303.14, 518.88, 613.64
1718297993.9821362, -303.14, 518.88, 613.64
1718297993.9901435, -303.14, 518.88, 613.64
1718297993.9981499, -303.14, 518.88, 613.64
1718297994.006185, -303.14, 518.88, 613.64
1718297994.0141964, -303.14, 518.88, 613.64
1718297994.0221996, -303.14, 518.88, 613.64
1718297994.0302055, -303.14, 518.88, 613.64
1718297994.0382125, -303.14, 518.88, 613.64
1718297994.046218, -303.14, 518.88, 613.64
1718297994.0542257, -303.14, 518.88, 613.64
1718297994.0622282, -303.14, 518.88, 613.64
1718297994.0702312, -303.14, 518.88, 613.64
1718297994.0782306, -303.14, 518.88, 613.64
1718297994.086241, -303.14, 518.88, 613.64
1718297994.0942469, -303.14, 518.88, 613.64
1718297994.102249, -303.14, 518.88, 613.64
1718297994.1102557, -303.14, 518.88, 613.64
1718297994.1182706, -303.14, 518.88, 613.64
1718297994.126281, -303.14, 518.88, 613.64
1718297994.1342843, -303.14, 518.88, 613.64
1718297994.1422818, -303.14, 518.88, 613.64
1718297994.1502907, -303.14, 518.88, 613.64
1718297994.1583345, -303.14, 518.88, 613.64
1718297994.1663368, -303.14, 518.88, 613.64
1718297994.174348, -324.3, 501.40000000000003, 590.64
1718297994.1823618, -324.3, 501.40000000000003, 590.64
1718297994.1903646, -324.3, 501.40000000000003, 590.64
1718297994.1983683, -324.3, 501.40000000000003, 590.64
1718297994.2063994, -324.3, 501.40000000000003, 590.64
1718297994.2144074, -324.3, 501.40000000000003, 590.64
1718297994.2224097, -324.3, 501.40000000000003, 590.64
1718297994.230412, -324.3, 501.40000000000003, 590.64
1718297994.2384107, -324.3, 501.40000000000003, 590.64
1718297994.2464216, -324.3, 501.40000000000003, 590.64
1718297994.2544258, -324.3, 501.40000000000003, 590.64
1718297994.262427, -324.3, 501.40000000000003, 590.64
1718297994.2704294, -324.3, 501.40000000000003, 590.64
1718297994.2784345, -324.3, 501.40000000000003, 590.64
1718297994.2864418, -324.3, 501.40000000000003, 590.64
1718297994.2944472, -324.3, 501.40000000000003, 590.64
1718297994.3024487, -324.3, 501.40000000000003, 590.64
1718297994.310753, -337.18, 488.52000000000004, 629.28
1718297994.3187695, -337.18, 488.52000000000004, 629.28
1718297994.3267794, -337.18, 488.52000000000004, 629.28
1718297994.3347852, -337.18, 488.52000000000004, 629.28
1718297994.342788, -337.18, 488.52000000000004, 629.28
1718297994.350791, -337.18, 488.52000000000004, 629.28
1718297994.358791, -337.18, 488.52000000000004, 629.28
1718297994.3667934, -337.18, 488.52000000000004, 629.28
1718297994.3748195, -337.18, 488.52000000000004, 629.28
1718297994.382824, -337.18, 488.52000000000004, 629.28
1718297994.3908262, -337.18, 488.52000000000004, 629.28
1718297994.3988266, -337.18, 488.52000000000004, 629.28
1718297994.4068332, -337.18, 488.52000000000004, 629.28
1718297994.4148593, -337.18, 488.52000000000004, 629.28
1718297994.4228644, -337.18, 488.52000000000004, 629.28
1718297994.430866, -337.18, 488.52000000000004, 629.28
1718297994.4388669, -351.90000000000003, 471.96000000000004, 578.6800000000001
1718297994.44688, -351.90000000000003, 471.96000000000004, 578.6800000000001
1718297994.454887, -351.90000000000003, 471.96000000000004, 578.6800000000001
1718297994.4629483, -351.90000000000003, 471.96000000000004, 578.6800000000001
1718297994.47097, -351.90000000000003, 471.96000000000004, 578.6800000000001
1718297994.478984, -351.90000000000003, 471.96000000000004, 578.6800000000001
